game_number,num_moves
1,98
2,96
3,96
4,96
5,73
6,98
7,98
8,91
9,98
10,98
11,95
12,99
13,95
14,96
15,100
16,100
17,92
18,99
19,89
20,100
21,100
22,95
23,99
24,99
25,94
26,82
27,80
28,98
29,100
30,89
31,86
32,92
33,99
34,99
35,95
36,79
37,99
38,97
39,93
40,95
41,98
42,93
43,99
44,83
45,92
46,89
47,91
48,100
49,100
50,98
51,98
52,99
53,83
54,89
55,94
56,93
57,100
58,99
59,100
60,97
61,89
62,98
63,94
64,100
65,76
66,96
67,82
68,92
69,100
70,93
71,91
72,94
73,98
74,99
75,98
76,98
77,95
78,100
79,87
80,98
81,100
82,82
83,100
84,93
85,93
86,98
87,94
88,95
89,97
90,98
91,89
92,97
93,90
94,99
95,100
96,96
97,87
98,97
99,99
100,94
101,83
102,94
103,99
104,82
105,96
106,97
107,100
108,97
109,88
110,97
111,100
112,100
113,98
114,100
115,100
116,99
117,92
118,98
119,96
120,100
121,99
122,100
123,98
124,74
125,96
126,94
127,99
128,97
129,94
130,99
131,94
132,94
133,95
134,98
135,96
136,99
137,97
138,99
139,99
140,96
141,100
142,97
143,100
144,98
145,98
146,93
147,94
148,89
149,94
150,99
151,95
152,100
153,95
154,99
155,97
156,95
157,98
158,97
159,98
160,100
161,99
162,92
163,91
164,100
165,96
166,98
167,99
168,94
169,100
170,97
171,99
172,96
173,99
174,89
175,99
176,100
177,98
178,85
179,98
180,98
181,98
182,100
183,100
184,95
185,100
186,98
187,99
188,100
189,98
190,97
191,97
192,99
193,95
194,99
195,91
196,94
197,97
198,99
199,72
200,95
201,94
202,93
203,68
204,89
205,100
206,98
207,85
208,100
209,95
210,90
211,98
212,97
213,99
214,96
215,95
216,97
217,99
218,98
219,98
220,98
221,91
222,97
223,93
224,96
225,97
226,100
227,100
228,95
229,90
230,96
231,96
232,97
233,91
234,89
235,93
236,91
237,100
238,100
239,96
240,97
241,90
242,92
243,97
244,95
245,99
246,97
247,98
248,96
249,84
250,94
251,93
252,99
253,96
254,98
255,100
256,91
257,78
258,99
259,97
260,96
261,83
262,98
263,96
264,92
265,97
266,96
267,97
268,94
269,80
270,98
271,91
272,94
273,100
274,94
275,99
276,93
277,98
278,98
279,84
280,95
281,100
282,100
283,96
284,95
285,97
286,93
287,96
288,97
289,97
290,79
291,87
292,99
293,97
294,96
295,100
296,100
297,95
298,100
299,100
300,99
301,97
302,99
303,86
304,96
305,97
306,100
307,98
308,98
309,97
310,99
311,95
312,97
313,98
314,92
315,93
316,100
317,86
318,94
319,95
320,97
321,97
322,97
323,83
324,98
325,99
326,97
327,93
328,94
329,100
330,100
331,95
332,100
333,92
334,98
335,94
336,98
337,93
338,97
339,91
340,99
341,97
342,100
343,96
344,99
345,98
346,93
347,98
348,99
349,100
350,97
351,91
352,95
353,91
354,97
355,99
356,90
357,100
358,97
359,97
360,100
361,100
362,91
363,85
364,98
365,94
366,97
367,93
368,95
369,96
370,95
371,97
372,99
373,100
374,90
375,100
376,94
377,100
378,96
379,98
380,99
381,90
382,94
383,100
384,96
385,100
386,96
387,93
388,95
389,98
390,100
391,92
392,93
393,95
394,97
395,93
396,100
397,97
398,100
399,98
400,97
401,96
402,95
403,98
404,98
405,99
406,90
407,96
408,99
409,90
410,97
411,100
412,92
413,99
414,88
415,100
416,100
417,100
418,94
419,98
420,82
421,73
422,95
423,97
424,95
425,93
426,96
427,98
428,97
429,96
430,99
431,97
432,91
433,99
434,92
435,98
436,100
437,97
438,100
439,93
440,100
441,94
442,95
443,99
444,88
445,100
446,100
447,95
448,95
449,100
450,99
451,94
452,99
453,89
454,94
455,90
456,88
457,96
458,97
459,91
460,95
461,94
462,91
463,93
464,96
465,96
466,100
467,100
468,92
469,91
470,98
471,94
472,98
473,93
474,93
475,98
476,86
477,94
478,100
479,99
480,98
481,91
482,99
483,100
484,97
485,99
486,99
487,89
488,93
489,94
490,97
491,97
492,93
493,87
494,85
495,93
496,99
497,92
498,95
499,94
500,94
501,98
502,97
503,93
504,100
505,98
506,91
507,99
508,99
509,99
510,81
511,95
512,90
513,100
514,100
515,94
516,90
517,95
518,96
519,98
520,100
521,97
522,96
523,98
524,85
525,100
526,83
527,98
528,97
529,99
530,95
531,97
532,98
533,94
534,99
535,95
536,100
537,99
538,93
539,100
540,98
541,87
542,96
543,94
544,98
545,98
546,99
547,97
548,94
549,98
550,96
551,84
552,97
553,99
554,95
555,94
556,95
557,81
558,91
559,98
560,99
561,95
562,94
563,99
564,93
565,99
566,100
567,99
568,100
569,97
570,95
571,100
572,94
573,93
574,97
575,98
576,88
577,97
578,96
579,94
580,98
581,100
582,100
583,99
584,98
585,92
586,100
587,97
588,99
589,92
590,98
591,99
592,99
593,98
594,100
595,100
596,99
597,99
598,98
599,96
600,100
601,91
602,97
603,93
604,91
605,96
606,97
607,100
608,100
609,97
610,97
611,92
612,98
613,93
614,97
615,93
616,97
617,100
618,92
619,95
620,99
621,98
622,100
623,100
624,99
625,92
626,96
627,75
628,93
629,96
630,99
631,98
632,96
633,100
634,98
635,84
636,94
637,99
638,93
639,96
640,96
641,98
642,91
643,95
644,99
645,79
646,88
647,97
648,97
649,100
650,99
651,80
652,93
653,97
654,100
655,87
656,89
657,99
658,98
659,89
660,100
661,97
662,90
663,99
664,100
665,93
666,92
667,91
668,93
669,91
670,97
671,96
672,96
673,97
674,96
675,98
676,100
677,95
678,100
679,96
680,94
681,99
682,99
683,84
684,99
685,89
686,100
687,99
688,90
689,92
690,87
691,95
692,100
693,100
694,100
695,100
696,84
697,91
698,95
699,93
700,90
701,98
702,93
703,96
704,97
705,95
706,97
707,93
708,77
709,100
710,90
711,99
712,89
713,95
714,87
715,83
716,97
717,99
718,99
719,100
720,98
721,96
722,94
723,83
724,91
725,88
726,100
727,99
728,94
729,100
730,99
731,94
732,94
733,92
734,97
735,97
736,100
737,95
738,98
739,91
740,86
741,97
742,89
743,98
744,99
745,98
746,96
747,88
748,96
749,94
750,94
751,100
752,99
753,99
754,96
755,96
756,99
757,96
758,97
759,98
760,98
761,99
762,96
763,98
764,95
765,91
766,98
767,99
768,88
769,98
770,97
771,98
772,100
773,99
774,90
775,96
776,84
777,100
778,86
779,84
780,100
781,99
782,94
783,99
784,86
785,94
786,96
787,91
788,100
789,96
790,100
791,100
792,98
793,95
794,96
795,96
796,89
797,97
798,99
799,84
800,100
801,99
802,93
803,98
804,99
805,99
806,99
807,99
808,96
809,95
810,97
811,93
812,88
813,98
814,94
815,98
816,100
817,100
818,96
819,87
820,98
821,98
822,94
823,87
824,99
825,100
826,99
827,99
828,99
829,86
830,89
831,100
832,100
833,97
834,95
835,93
836,81
837,95
838,99
839,87
840,96
841,91
842,99
843,98
844,97
845,96
846,99
847,98
848,97
849,85
850,95
851,98
852,97
853,100
854,97
855,97
856,94
857,98
858,89
859,88
860,100
861,93
862,97
863,100
864,98
865,100
866,96
867,97
868,91
869,96
870,96
871,91
872,95
873,100
874,99
875,83
876,100
877,92
878,96
879,91
880,96
881,94
882,98
883,96
884,83
885,98
886,99
887,89
888,98
889,100
890,98
891,99
892,98
893,97
894,93
895,98
896,96
897,96
898,97
899,95
900,99
901,100
902,84
903,98
904,97
905,97
906,93
907,95
908,97
909,97
910,100
911,100
912,96
913,98
914,96
915,100
916,94
917,80
918,98
919,83
920,94
921,99
922,95
923,98
924,90
925,95
926,92
927,99
928,100
929,97
930,96
931,100
932,100
933,98
934,94
935,83
936,99
937,98
938,98
939,96
940,100
941,96
942,93
943,100
944,99
945,83
946,96
947,100
948,97
949,100
950,96
951,89
952,100
953,89
954,99
955,98
956,95
957,99
958,93
959,98
960,99
961,91
962,100
963,100
964,97
965,97
966,91
967,87
968,91
969,97
970,97
971,98
972,97
973,88
974,97
975,93
976,92
977,100
978,94
979,99
980,100
981,93
982,100
983,97
984,100
985,96
986,93
987,94
988,98
989,95
990,99
991,93
992,75
993,100
994,87
995,97
996,99
997,97
998,92
999,98
1000,84
1001,100
1002,99
1003,94
1004,91
1005,94
1006,89
1007,97
1008,87
1009,89
1010,82
1011,92
1012,82
1013,97
1014,100
1015,91
1016,87
1017,95
1018,96
1019,96
1020,94
1021,98
1022,94
1023,92
1024,100
1025,98
1026,94
1027,93
1028,100
1029,98
1030,100
1031,96
1032,94
1033,95
1034,98
1035,100
1036,100
1037,95
1038,93
1039,92
1040,92
1041,95
1042,95
1043,97
1044,93
1045,75
1046,99
1047,100
1048,96
1049,89
1050,92
1051,99
1052,99
1053,91
1054,88
1055,95
1056,94
1057,95
1058,96
1059,100
1060,95
1061,94
1062,96
1063,98
1064,99
1065,97
1066,100
1067,95
1068,98
1069,92
1070,98
1071,100
1072,95
1073,87
1074,99
1075,81
1076,97
1077,97
1078,98
1079,85
1080,97
1081,99
1082,75
1083,100
1084,99
1085,99
1086,89
1087,100
1088,93
1089,93
1090,99
1091,97
1092,100
1093,99
1094,67
1095,98
1096,98
1097,99
1098,99
1099,98
1100,92
1101,95
1102,98
1103,90
1104,95
1105,99
1106,97
1107,100
1108,100
1109,87
1110,97
1111,94
1112,100
1113,99
1114,91
1115,94
1116,99
1117,99
1118,99
1119,99
1120,97
1121,95
1122,94
1123,91
1124,100
1125,100
1126,88
1127,91
1128,99
1129,93
1130,100
1131,98
1132,93
1133,97
1134,99
1135,98
1136,88
1137,83
1138,99
1139,95
1140,97
1141,100
1142,94
1143,97
1144,98
1145,84
1146,100
1147,100
1148,99
1149,88
1150,98
1151,99
1152,95
1153,99
1154,100
1155,99
1156,99
1157,94
1158,96
1159,99
1160,94
1161,94
1162,87
1163,99
1164,94
1165,98
1166,100
1167,99
1168,96
1169,98
1170,99
1171,100
1172,86
1173,100
1174,98
1175,89
1176,88
1177,98
1178,98
1179,90
1180,99
1181,90
1182,94
1183,98
1184,94
1185,97
1186,96
1187,97
1188,83
1189,80
1190,96
1191,98
1192,97
1193,82
1194,87
1195,97
1196,96
1197,100
1198,97
1199,96
1200,95
1201,100
1202,94
1203,99
1204,93
1205,100
1206,90
1207,100
1208,91
1209,99
1210,99
1211,92
1212,98
1213,88
1214,100
1215,89
1216,97
1217,100
1218,95
1219,100
1220,97
1221,93
1222,100
1223,100
1224,98
1225,98
1226,99
1227,97
1228,88
1229,98
1230,99
1231,97
1232,89
1233,92
1234,98
1235,88
1236,97
1237,96
1238,98
1239,98
1240,82
1241,95
1242,95
1243,98
1244,89
1245,94
1246,95
1247,100
1248,100
1249,99
1250,85
1251,98
1252,95
1253,99
1254,95
1255,94
1256,98
1257,88
1258,95
1259,94
1260,93
1261,94
1262,98
1263,95
1264,98
1265,100
1266,98
1267,91
1268,99
1269,100
1270,95
1271,92
1272,99
1273,93
1274,100
1275,94
1276,98
1277,100
1278,95
1279,96
1280,99
1281,96
1282,97
1283,89
1284,99
1285,98
1286,98
1287,94
1288,94
1289,88
1290,95
1291,95
1292,97
1293,93
1294,94
1295,99
1296,95
1297,87
1298,90
1299,92
1300,83
1301,100
1302,94
1303,96
1304,98
1305,90
1306,96
1307,91
1308,94
1309,99
1310,98
1311,88
1312,90
1313,100
1314,100
1315,100
1316,97
1317,96
1318,97
1319,94
1320,98
1321,96
1322,96
1323,85
1324,84
1325,93
1326,99
1327,92
1328,98
1329,90
1330,100
1331,98
1332,99
1333,100
1334,82
1335,93
1336,99
1337,90
1338,94
1339,96
1340,97
1341,94
1342,96
1343,100
1344,91
1345,87
1346,99
1347,89
1348,99
1349,82
1350,98
1351,96
1352,97
1353,99
1354,97
1355,94
1356,97
1357,98
1358,100
1359,86
1360,94
1361,97
1362,85
1363,93
1364,99
1365,82
1366,98
1367,96
1368,93
1369,99
1370,93
1371,91
1372,75
1373,99
1374,93
1375,99
1376,98
1377,91
1378,98
1379,98
1380,94
1381,93
1382,98
1383,99
1384,99
1385,98
1386,97
1387,96
1388,91
1389,99
1390,93
1391,98
1392,100
1393,100
1394,93
1395,92
1396,86
1397,86
1398,91
1399,96
1400,98
1401,94
1402,100
1403,98
1404,97
1405,100
1406,98
1407,100
1408,99
1409,96
1410,92
1411,99
1412,96
1413,89
1414,86
1415,100
1416,100
1417,100
1418,95
1419,98
1420,95
1421,100
1422,95
1423,100
1424,98
1425,92
1426,96
1427,96
1428,100
1429,85
1430,83
1431,97
1432,94
1433,91
1434,98
1435,72
1436,96
1437,94
1438,100
1439,91
1440,98
1441,97
1442,93
1443,98
1444,95
1445,91
1446,92
1447,95
1448,74
1449,93
1450,92
1451,97
1452,90
1453,100
1454,97
1455,96
1456,99
1457,97
1458,100
1459,97
1460,100
1461,95
1462,98
1463,100
1464,97
1465,97
1466,99
1467,99
1468,91
1469,100
1470,94
1471,94
1472,85
1473,99
1474,97
1475,100
1476,87
1477,94
1478,96
1479,91
1480,96
1481,99
1482,80
1483,94
1484,81
1485,98
1486,96
1487,93
1488,87
1489,98
1490,100
1491,93
1492,100
1493,76
1494,89
1495,95
1496,89
1497,93
1498,99
1499,99
1500,92
1501,100
1502,96
1503,99
1504,91
1505,96
1506,98
1507,85
1508,87
1509,89
1510,99
1511,100
1512,99
1513,100
1514,100
1515,98
1516,100
1517,98
1518,98
1519,100
1520,84
1521,80
1522,98
1523,97
1524,95
1525,99
1526,84
1527,95
1528,99
1529,74
1530,96
1531,98
1532,96
1533,99
1534,96
1535,97
1536,100
1537,93
1538,90
1539,97
1540,98
1541,100
1542,99
1543,92
1544,100
1545,91
1546,94
1547,91
1548,99
1549,100
1550,94
1551,100
1552,95
1553,100
1554,94
1555,95
1556,96
1557,87
1558,91
1559,91
1560,100
1561,100
1562,100
1563,89
1564,97
1565,94
1566,99
1567,99
1568,86
1569,98
1570,100
1571,85
1572,95
1573,100
1574,97
1575,97
1576,94
1577,91
1578,100
1579,100
1580,100
1581,98
1582,96
1583,98
1584,97
1585,99
1586,92
1587,92
1588,98
1589,100
1590,99
1591,96
1592,95
1593,96
1594,94
1595,99
1596,100
1597,99
1598,95
1599,85
1600,99
1601,98
1602,95
1603,89
1604,100
1605,97
1606,99
1607,77
1608,99
1609,94
1610,98
1611,97
1612,89
1613,97
1614,94
1615,95
1616,93
1617,100
1618,94
1619,99
1620,92
1621,99
1622,93
1623,98
1624,93
1625,100
1626,90
1627,98
1628,99
1629,89
1630,93
1631,100
1632,96
1633,93
1634,100
1635,96
1636,85
1637,90
1638,100
1639,100
1640,100
1641,92
1642,93
1643,95
1644,100
1645,93
1646,95
1647,98
1648,95
1649,95
1650,89
1651,99
1652,98
1653,97
1654,100
1655,84
1656,78
1657,91
1658,95
1659,97
1660,93
1661,100
1662,100
1663,98
1664,98
1665,97
1666,93
1667,88
1668,95
1669,100
1670,85
1671,99
1672,93
1673,95
1674,100
1675,87
1676,96
1677,85
1678,97
1679,95
1680,97
1681,96
1682,95
1683,92
1684,100
1685,100
1686,99
1687,99
1688,99
1689,100
1690,99
1691,82
1692,93
1693,93
1694,98
1695,98
1696,100
1697,92
1698,97
1699,91
1700,99
1701,94
1702,100
1703,96
1704,97
1705,100
1706,97
1707,96
1708,95
1709,95
1710,95
1711,90
1712,96
1713,99
1714,95
1715,100
1716,97
1717,100
1718,93
1719,95
1720,100
1721,95
1722,97
1723,99
1724,95
1725,91
1726,97
1727,97
1728,99
1729,96
1730,97
1731,99
1732,94
1733,99
1734,100
1735,98
1736,79
1737,95
1738,98
1739,99
1740,100
1741,100
1742,95
1743,96
1744,89
1745,99
1746,95
1747,93
1748,100
1749,95
1750,95
1751,99
1752,100
1753,97
1754,95
1755,95
1756,96
1757,91
1758,100
1759,96
1760,96
1761,95
1762,100
1763,92
1764,99
1765,98
1766,98
1767,90
1768,74
1769,100
1770,100
1771,97
1772,89
1773,95
1774,100
1775,93
1776,100
1777,99
1778,100
1779,90
1780,91
1781,96
1782,92
1783,85
1784,100
1785,75
1786,98
1787,83
1788,97
1789,99
1790,93
1791,97
1792,94
1793,99
1794,100
1795,100
1796,97
1797,99
1798,98
1799,99
1800,89
1801,100
1802,99
1803,100
1804,98
1805,92
1806,95
1807,100
1808,91
1809,98
1810,99
1811,100
1812,85
1813,98
1814,92
1815,84
1816,94
1817,92
1818,84
1819,96
1820,91
1821,97
1822,97
1823,98
1824,99
1825,98
1826,94
1827,100
1828,98
1829,95
1830,87
1831,100
1832,96
1833,99
1834,100
1835,98
1836,98
1837,94
1838,96
1839,90
1840,92
1841,87
1842,97
1843,96
1844,92
1845,90
1846,86
1847,100
1848,93
1849,98
1850,93
1851,90
1852,97
1853,100
1854,98
1855,95
1856,82
1857,99
1858,98
1859,100
1860,97
1861,87
1862,93
1863,94
1864,94
1865,95
1866,96
1867,95
1868,98
1869,93
1870,91
1871,91
1872,95
1873,88
1874,78
1875,81
1876,99
1877,99
1878,86
1879,77
1880,97
1881,94
1882,100
1883,93
1884,98
1885,100
1886,96
1887,97
1888,100
1889,96
1890,86
1891,100
1892,94
1893,97
1894,97
1895,90
1896,95
1897,84
1898,99
1899,98
1900,93
1901,98
1902,94
1903,98
1904,99
1905,98
1906,94
1907,96
1908,86
1909,89
1910,97
1911,97
1912,100
1913,99
1914,97
1915,99
1916,98
1917,97
1918,98
1919,100
1920,84
1921,98
1922,100
1923,94
1924,100
1925,77
1926,83
1927,100
1928,93
1929,96
1930,99
1931,98
1932,100
1933,100
1934,91
1935,96
1936,93
1937,80
1938,98
1939,83
1940,97
1941,100
1942,87
1943,98
1944,100
1945,96
1946,99
1947,96
1948,100
1949,94
1950,93
1951,95
1952,100
1953,100
1954,95
1955,100
1956,99
1957,89
1958,92
1959,98
1960,100
1961,100
1962,96
1963,97
1964,99
1965,99
1966,90
1967,100
1968,96
1969,94
1970,94
1971,98
1972,95
1973,81
1974,97
1975,97
1976,100
1977,91
1978,98
1979,100
1980,96
1981,99
1982,92
1983,91
1984,100
1985,91
1986,90
1987,90
1988,97
1989,97
1990,100
1991,98
1992,94
1993,100
1994,86
1995,97
1996,95
1997,98
1998,94
1999,99
2000,99
2001,93
2002,98
2003,96
2004,71
2005,97
2006,98
2007,100
2008,99
2009,97
2010,98
2011,97
2012,98
2013,98
2014,98
2015,99
2016,88
2017,93
2018,98
2019,80
2020,100
2021,99
2022,99
2023,93
2024,97
2025,100
2026,88
2027,100
2028,98
2029,94
2030,100
2031,96
2032,95
2033,95
2034,99
2035,100
2036,98
2037,99
2038,97
2039,100
2040,87
2041,100
2042,99
2043,98
2044,97
2045,100
2046,87
2047,98
2048,100
2049,97
2050,100
2051,98
2052,98
2053,99
2054,98
2055,91
2056,92
2057,95
2058,94
2059,94
2060,98
2061,98
2062,98
2063,91
2064,81
2065,95
2066,95
2067,96
2068,99
2069,98
2070,84
2071,96
2072,100
2073,100
2074,90
2075,100
2076,98
2077,98
2078,100
2079,95
2080,92
2081,95
2082,98
2083,99
2084,95
2085,89
2086,100
2087,93
2088,93
2089,100
2090,100
2091,96
2092,100
2093,99
2094,99
2095,95
2096,95
2097,100
2098,97
2099,97
2100,87
2101,94
2102,89
2103,85
2104,99
2105,100
2106,92
2107,96
2108,100
2109,100
2110,90
2111,100
2112,98
2113,92
2114,98
2115,90
2116,100
2117,99
2118,81
2119,81
2120,98
2121,97
2122,93
2123,93
2124,98
2125,92
2126,98
2127,90
2128,80
2129,93
2130,97
2131,80
2132,90
2133,93
2134,98
2135,97
2136,99
2137,90
2138,97
2139,97
2140,93
2141,98
2142,100
2143,97
2144,95
2145,99
2146,85
2147,99
2148,99
2149,99
2150,94
2151,97
2152,93
2153,100
2154,89
2155,100
2156,96
2157,96
2158,93
2159,91
2160,99
2161,85
2162,99
2163,93
2164,96
2165,100
2166,100
2167,97
2168,99
2169,83
2170,81
2171,91
2172,99
2173,98
2174,91
2175,92
2176,100
2177,86
2178,100
2179,94
2180,95
2181,90
2182,94
2183,96
2184,94
2185,97
2186,88
2187,100
2188,100
2189,98
2190,95
2191,82
2192,95
2193,97
2194,98
2195,95
2196,100
2197,98
2198,92
2199,99
2200,98
2201,99
2202,87
2203,100
2204,96
2205,100
2206,77
2207,99
2208,95
2209,87
2210,93
2211,99
2212,95
2213,98
2214,93
2215,97
2216,84
2217,76
2218,98
2219,100
2220,100
2221,99
2222,84
2223,99
2224,95
2225,98
2226,100
2227,95
2228,92
2229,90
2230,95
2231,100
2232,100
2233,100
2234,96
2235,97
2236,86
2237,95
2238,90
2239,94
2240,100
2241,94
2242,100
2243,87
2244,95
2245,96
2246,100
2247,99
2248,95
2249,100
2250,93
2251,96
2252,98
2253,99
2254,91
2255,91
2256,95
2257,99
2258,100
2259,98
2260,100
2261,100
2262,100
2263,94
2264,99
2265,96
2266,95
2267,85
2268,98
2269,93
2270,99
2271,96
2272,95
2273,96
2274,94
2275,92
2276,89
2277,95
2278,98
2279,97
2280,84
2281,96
2282,90
2283,99
2284,98
2285,99
2286,100
2287,100
2288,89
2289,95
2290,97
2291,99
2292,97
2293,97
2294,99
2295,88
2296,89
2297,100
2298,94
2299,96
2300,89
2301,96
2302,98
2303,98
2304,97
2305,98
2306,100
2307,100
2308,91
2309,90
2310,91
2311,96
2312,99
2313,96
2314,99
2315,98
2316,93
2317,99
2318,99
2319,98
2320,100
2321,92
2322,97
2323,100
2324,100
2325,89
2326,96
2327,92
2328,98
2329,94
2330,97
2331,97
2332,99
2333,95
2334,98
2335,97
2336,98
2337,99
2338,98
2339,97
2340,99
2341,94
2342,98
2343,100
2344,85
2345,100
2346,82
2347,79
2348,90
2349,97
2350,92
2351,96
2352,100
2353,97
2354,98
2355,97
2356,97
2357,86
2358,99
2359,97
2360,93
2361,96
2362,98
2363,82
2364,98
2365,86
2366,93
2367,100
2368,100
2369,97
2370,97
2371,97
2372,97
2373,99
2374,100
2375,94
2376,98
2377,97
2378,77
2379,100
2380,91
2381,90
2382,99
2383,99
2384,97
2385,99
2386,99
2387,100
2388,99
2389,98
2390,92
2391,95
2392,89
2393,99
2394,99
2395,93
2396,95
2397,82
2398,97
2399,100
2400,94
2401,98
2402,91
2403,89
2404,91
2405,91
2406,88
2407,98
2408,83
2409,98
2410,86
2411,92
2412,88
2413,99
2414,99
2415,98
2416,99
2417,96
2418,94
2419,95
2420,77
2421,98
2422,100
2423,96
2424,95
2425,100
2426,100
2427,96
2428,99
2429,95
2430,94
2431,99
2432,93
2433,97
2434,100
2435,94
2436,93
2437,97
2438,98
2439,86
2440,98
2441,100
2442,89
2443,92
2444,92
2445,100
2446,99
2447,91
2448,97
2449,98
2450,94
2451,90
2452,92
2453,100
2454,89
2455,98
2456,89
2457,97
2458,99
2459,100
2460,94
2461,95
2462,97
2463,94
2464,100
2465,93
2466,99
2467,100
2468,92
2469,88
2470,97
2471,96
2472,93
2473,100
2474,100
2475,99
2476,99
2477,97
2478,98
2479,95
2480,94
2481,96
2482,98
2483,92
2484,97
2485,97
2486,98
2487,98
2488,93
2489,90
2490,100
2491,99
2492,94
2493,84
2494,92
2495,83
2496,98
2497,94
2498,85
2499,95
2500,96
2501,97
2502,94
2503,85
2504,96
2505,99
2506,100
2507,96
2508,93
2509,98
2510,100
2511,98
2512,88
2513,93
2514,94
2515,97
2516,99
2517,92
2518,76
2519,85
2520,95
2521,96
2522,98
2523,100
2524,99
2525,95
2526,100
2527,95
2528,99
2529,92
2530,97
2531,99
2532,94
2533,90
2534,96
2535,80
2536,95
2537,94
2538,99
2539,93
2540,100
2541,98
2542,99
2543,93
2544,96
2545,98
2546,99
2547,100
2548,94
2549,94
2550,94
2551,98
2552,89
2553,79
2554,98
2555,93
2556,93
2557,96
2558,99
2559,91
2560,97
2561,98
2562,97
2563,91
2564,99
2565,100
2566,97
2567,99
2568,96
2569,100
2570,98
2571,84
2572,99
2573,96
2574,97
2575,77
2576,97
2577,96
2578,99
2579,97
2580,91
2581,100
2582,86
2583,97
2584,98
2585,97
2586,97
2587,96
2588,98
2589,99
2590,92
2591,91
2592,89
2593,95
2594,96
2595,99
2596,97
2597,98
2598,92
2599,100
2600,96
2601,100
2602,95
2603,98
2604,99
2605,96
2606,100
2607,100
2608,99
2609,100
2610,100
2611,99
2612,93
2613,96
2614,93
2615,95
2616,99
2617,96
2618,95
2619,94
2620,90
2621,99
2622,94
2623,95
2624,100
2625,98
2626,98
2627,97
2628,98
2629,97
2630,95
2631,96
2632,83
2633,96
2634,95
2635,86
2636,99
2637,98
2638,97
2639,98
2640,90
2641,95
2642,98
2643,100
2644,99
2645,97
2646,96
2647,90
2648,90
2649,92
2650,100
2651,100
2652,97
2653,88
2654,94
2655,100
2656,92
2657,94
2658,88
2659,99
2660,96
2661,100
2662,98
2663,97
2664,99
2665,100
2666,94
2667,97
2668,100
2669,100
2670,88
2671,95
2672,98
2673,95
2674,99
2675,89
2676,86
2677,100
2678,98
2679,83
2680,96
2681,97
2682,88
2683,86
2684,89
2685,94
2686,97
2687,95
2688,99
2689,94
2690,100
2691,100
2692,100
2693,91
2694,98
2695,93
2696,98
2697,99
2698,99
2699,100
2700,99
2701,100
2702,93
2703,85
2704,99
2705,93
2706,94
2707,100
2708,96
2709,82
2710,90
2711,87
2712,97
2713,93
2714,100
2715,91
2716,99
2717,96
2718,98
2719,91
2720,82
2721,94
2722,98
2723,98
2724,89
2725,97
2726,99
2727,99
2728,99
2729,100
2730,96
2731,99
2732,95
2733,98
2734,95
2735,95
2736,97
2737,96
2738,91
2739,100
2740,98
2741,98
2742,99
2743,100
2744,96
2745,97
2746,97
2747,94
2748,96
2749,100
2750,100
2751,94
2752,99
2753,98
2754,97
2755,88
2756,97
2757,86
2758,100
2759,94
2760,86
2761,91
2762,96
2763,95
2764,95
2765,99
2766,96
2767,98
2768,100
2769,99
2770,91
2771,98
2772,93
2773,97
2774,92
2775,98
2776,94
2777,87
2778,97
2779,96
2780,97
2781,97
2782,94
2783,97
2784,91
2785,97
2786,89
2787,95
2788,99
2789,96
2790,83
2791,88
2792,95
2793,100
2794,100
2795,98
2796,95
2797,99
2798,99
2799,92
2800,88
2801,82
2802,98
2803,99
2804,97
2805,100
2806,91
2807,98
2808,86
2809,95
2810,99
2811,99
2812,96
2813,93
2814,100
2815,94
2816,95
2817,100
2818,100
2819,99
2820,96
2821,96
2822,99
2823,93
2824,97
2825,97
2826,96
2827,100
2828,99
2829,90
2830,89
2831,95
2832,92
2833,94
2834,100
2835,93
2836,98
2837,85
2838,96
2839,99
2840,84
2841,99
2842,99
2843,88
2844,97
2845,92
2846,100
2847,97
2848,100
2849,89
2850,99
2851,95
2852,91
2853,91
2854,97
2855,98
2856,100
2857,98
2858,92
2859,99
2860,99
2861,96
2862,95
2863,97
2864,94
2865,100
2866,95
2867,98
2868,88
2869,100
2870,96
2871,97
2872,94
2873,96
2874,98
2875,93
2876,98
2877,79
2878,97
2879,89
2880,99
2881,98
2882,94
2883,99
2884,81
2885,100
2886,99
2887,100
2888,97
2889,99
2890,99
2891,93
2892,93
2893,90
2894,98
2895,88
2896,95
2897,92
2898,99
2899,89
2900,85
2901,99
2902,100
2903,100
2904,93
2905,94
2906,74
2907,99
2908,88
2909,100
2910,99
2911,95
2912,97
2913,100
2914,97
2915,95
2916,96
2917,100
2918,94
2919,97
2920,100
2921,87
2922,100
2923,97
2924,99
2925,98
2926,90
2927,100
2928,99
2929,87
2930,93
2931,96
2932,88
2933,90
2934,84
2935,98
2936,86
2937,98
2938,97
2939,96
2940,93
2941,92
2942,99
2943,92
2944,99
2945,97
2946,92
2947,99
2948,94
2949,96
2950,87
2951,98
2952,88
2953,100
2954,93
2955,82
2956,87
2957,94
2958,97
2959,98
2960,90
2961,86
2962,95
2963,99
2964,97
2965,100
2966,89
2967,92
2968,89
2969,100
2970,98
2971,85
2972,100
2973,99
2974,100
2975,95
2976,89
2977,82
2978,87
2979,97
2980,98
2981,97
2982,88
2983,94
2984,72
2985,95
2986,93
2987,98
2988,88
2989,99
2990,95
2991,95
2992,89
2993,94
2994,99
2995,98
2996,100
2997,98
2998,97
2999,97
3000,100
3001,96
3002,98
3003,96
3004,94
3005,95
3006,100
3007,100
3008,98
3009,96
3010,100
3011,99
3012,99
3013,94
3014,100
3015,96
3016,100
3017,99
3018,97
3019,100
3020,99
3021,98
3022,94
3023,92
3024,99
3025,92
3026,96
3027,97
3028,99
3029,97
3030,86
3031,100
3032,100
3033,82
3034,98
3035,93
3036,99
3037,98
3038,92
3039,97
3040,95
3041,94
3042,97
3043,92
3044,87
3045,98
3046,97
3047,99
3048,99
3049,87
3050,95
3051,95
3052,99
3053,99
3054,98
3055,91
3056,86
3057,90
3058,93
3059,99
3060,97
3061,97
3062,98
3063,92
3064,95
3065,100
3066,92
3067,100
3068,96
3069,95
3070,92
3071,97
3072,100
3073,100
3074,98
3075,100
3076,100
3077,92
3078,98
3079,100
3080,83
3081,100
3082,96
3083,94
3084,96
3085,91
3086,97
3087,88
3088,94
3089,98
3090,97
3091,94
3092,99
3093,99
3094,100
3095,97
3096,94
3097,93
3098,97
3099,87
3100,92
3101,96
3102,95
3103,93
3104,87
3105,100
3106,93
3107,99
3108,90
3109,97
3110,91
3111,99
3112,100
3113,99
3114,95
3115,98
3116,95
3117,100
3118,99
3119,90
3120,100
3121,99
3122,87
3123,97
3124,100
3125,91
3126,100
3127,96
3128,100
3129,98
3130,100
3131,99
3132,100
3133,96
3134,97
3135,81
3136,98
3137,96
3138,100
3139,90
3140,100
3141,100
3142,98
3143,100
3144,88
3145,97
3146,100
3147,90
3148,100
3149,98
3150,100
3151,98
3152,100
3153,98
3154,99
3155,96
3156,90
3157,93
3158,100
3159,100
3160,91
3161,97
3162,100
3163,93
3164,97
3165,99
3166,93
3167,100
3168,91
3169,92
3170,100
3171,94
3172,99
3173,100
3174,95
3175,100
3176,98
3177,97
3178,95
3179,96
3180,99
3181,96
3182,100
3183,98
3184,100
3185,96
3186,93
3187,86
3188,100
3189,99
3190,90
3191,92
3192,99
3193,91
3194,96
3195,94
3196,98
3197,95
3198,100
3199,96
3200,96
3201,98
3202,97
3203,96
3204,89
3205,94
3206,95
3207,99
3208,92
3209,93
3210,99
3211,96
3212,77
3213,98
3214,96
3215,99
3216,97
3217,95
3218,96
3219,100
3220,99
3221,98
3222,95
3223,97
3224,97
3225,99
3226,97
3227,98
3228,96
3229,99
3230,99
3231,97
3232,87
3233,90
3234,99
3235,99
3236,98
3237,92
3238,100
3239,88
3240,98
3241,95
3242,96
3243,92
3244,99
3245,99
3246,98
3247,89
3248,93
3249,99
3250,96
3251,97
3252,98
3253,100
3254,94
3255,99
3256,90
3257,99
3258,98
3259,95
3260,100
3261,95
3262,93
3263,99
3264,98
3265,73
3266,95
3267,97
3268,100
3269,99
3270,98
3271,97
3272,94
3273,99
3274,92
3275,99
3276,93
3277,94
3278,94
3279,89
3280,88
3281,98
3282,95
3283,97
3284,97
3285,100
3286,99
3287,97
3288,100
3289,88
3290,91
3291,100
3292,99
3293,100
3294,97
3295,97
3296,82
3297,88
3298,94
3299,98
3300,91
3301,96
3302,94
3303,90
3304,94
3305,85
3306,94
3307,90
3308,100
3309,86
3310,97
3311,99
3312,99
3313,100
3314,92
3315,89
3316,96
3317,95
3318,98
3319,97
3320,98
3321,96
3322,97
3323,100
3324,95
3325,91
3326,100
3327,100
3328,94
3329,91
3330,96
3331,96
3332,100
3333,97
3334,96
3335,99
3336,94
3337,96
3338,100
3339,98
3340,89
3341,97
3342,91
3343,92
3344,91
3345,90
3346,85
3347,93
3348,93
3349,94
3350,97
3351,98
3352,85
3353,100
3354,96
3355,95
3356,99
3357,91
3358,98
3359,88
3360,93
3361,96
3362,96
3363,96
3364,96
3365,82
3366,97
3367,96
3368,98
3369,95
3370,79
3371,86
3372,96
3373,90
3374,99
3375,92
3376,99
3377,100
3378,99
3379,97
3380,91
3381,99
3382,99
3383,94
3384,95
3385,99
3386,96
3387,97
3388,96
3389,97
3390,96
3391,100
3392,94
3393,96
3394,98
3395,97
3396,98
3397,99
3398,89
3399,100
3400,93
3401,100
3402,91
3403,95
3404,99
3405,99
3406,93
3407,98
3408,91
3409,94
3410,99
3411,96
3412,88
3413,100
3414,96
3415,89
3416,95
3417,100
3418,84
3419,99
3420,92
3421,97
3422,100
3423,77
3424,95
3425,99
3426,89
3427,97
3428,95
3429,98
3430,97
3431,98
3432,86
3433,84
3434,99
3435,83
3436,89
3437,88
3438,94
3439,100
3440,94
3441,90
3442,95
3443,92
3444,97
3445,91
3446,86
3447,92
3448,89
3449,96
3450,96
3451,95
3452,94
3453,99
3454,100
3455,99
3456,99
3457,87
3458,91
3459,94
3460,99
3461,97
3462,100
3463,90
3464,98
3465,80
3466,99
3467,96
3468,99
3469,97
3470,95
3471,93
3472,98
3473,100
3474,100
3475,99
3476,99
3477,95
3478,100
3479,100
3480,98
3481,99
3482,98
3483,100
3484,98
3485,100
3486,100
3487,97
3488,97
3489,96
3490,99
3491,96
3492,90
3493,94
3494,100
3495,98
3496,99
3497,73
3498,89
3499,90
3500,96
3501,60
3502,97
3503,99
3504,91
3505,96
3506,99
3507,100
3508,90
3509,96
3510,95
3511,97
3512,96
3513,100
3514,95
3515,95
3516,96
3517,96
3518,99
3519,100
3520,97
3521,99
3522,100
3523,99
3524,90
3525,97
3526,93
3527,93
3528,89
3529,95
3530,99
3531,95
3532,97
3533,100
3534,97
3535,94
3536,100
3537,96
3538,95
3539,94
3540,98
3541,99
3542,95
3543,95
3544,100
3545,98
3546,100
3547,93
3548,99
3549,100
3550,100
3551,97
3552,93
3553,94
3554,96
3555,100
3556,99
3557,94
3558,82
3559,100
3560,99
3561,98
3562,86
3563,100
3564,95
3565,100
3566,94
3567,100
3568,98
3569,100
3570,99
3571,98
3572,94
3573,99
3574,99
3575,98
3576,86
3577,100
3578,100
3579,94
3580,86
3581,97
3582,94
3583,100
3584,89
3585,94
3586,82
3587,97
3588,99
3589,99
3590,100
3591,98
3592,99
3593,96
3594,99
3595,98
3596,100
3597,96
3598,89
3599,98
3600,87
3601,93
3602,82
3603,95
3604,98
3605,96
3606,87
3607,100
3608,98
3609,98
3610,87
3611,86
3612,88
3613,87
3614,97
3615,98
3616,98
3617,94
3618,88
3619,91
3620,93
3621,99
3622,100
3623,99
3624,100
3625,100
3626,95
3627,88
3628,99
3629,96
3630,92
3631,94
3632,89
3633,98
3634,100
3635,93
3636,100
3637,91
3638,91
3639,98
3640,100
3641,100
3642,100
3643,95
3644,99
3645,97
3646,100
3647,85
3648,94
3649,94
3650,99
3651,97
3652,96
3653,93
3654,95
3655,84
3656,100
3657,96
3658,100
3659,100
3660,98
3661,100
3662,91
3663,92
3664,96
3665,95
3666,81
3667,92
3668,98
3669,83
3670,95
3671,94
3672,96
3673,98
3674,99
3675,76
3676,95
3677,99
3678,90
3679,100
3680,100
3681,97
3682,98
3683,96
3684,96
3685,89
3686,96
3687,92
3688,100
3689,97
3690,100
3691,93
3692,88
3693,100
3694,95
3695,98
3696,93
3697,96
3698,92
3699,100
3700,96
3701,100
3702,92
3703,100
3704,97
3705,100
3706,100
3707,99
3708,89
3709,98
3710,96
3711,98
3712,99
3713,99
3714,86
3715,98
3716,96
3717,94
3718,99
3719,92
3720,91
3721,97
3722,97
3723,93
3724,96
3725,84
3726,91
3727,88
3728,96
3729,100
3730,95
3731,99
3732,94
3733,89
3734,99
3735,99
3736,96
3737,98
3738,100
3739,89
3740,91
3741,99
3742,94
3743,90
3744,94
3745,94
3746,96
3747,90
3748,98
3749,94
3750,91
3751,100
3752,98
3753,96
3754,98
3755,87
3756,90
3757,99
3758,85
3759,96
3760,99
3761,99
3762,94
3763,92
3764,97
3765,92
3766,94
3767,96
3768,94
3769,97
3770,100
3771,99
3772,98
3773,100
3774,99
3775,100
3776,96
3777,99
3778,98
3779,98
3780,97
3781,97
3782,96
3783,99
3784,95
3785,96
3786,88
3787,100
3788,100
3789,93
3790,97
3791,99
3792,98
3793,97
3794,96
3795,99
3796,96
3797,100
3798,100
3799,99
3800,96
3801,84
3802,89
3803,100
3804,96
3805,99
3806,98
3807,98
3808,100
3809,91
3810,100
3811,98
3812,96
3813,99
3814,93
3815,92
3816,87
3817,96
3818,97
3819,93
3820,99
3821,91
3822,96
3823,100
3824,100
3825,88
3826,96
3827,95
3828,100
3829,97
3830,89
3831,93
3832,94
3833,95
3834,94
3835,96
3836,100
3837,88
3838,91
3839,94
3840,96
3841,89
3842,95
3843,100
3844,87
3845,100
3846,91
3847,98
3848,96
3849,100
3850,96
3851,94
3852,100
3853,100
3854,99
3855,98
3856,100
3857,87
3858,95
3859,83
3860,97
3861,100
3862,100
3863,96
3864,93
3865,99
3866,95
3867,99
3868,91
3869,92
3870,97
3871,98
3872,97
3873,90
3874,98
3875,98
3876,95
3877,99
3878,98
3879,97
3880,97
3881,98
3882,98
3883,95
3884,94
3885,100
3886,99
3887,99
3888,86
3889,100
3890,99
3891,99
3892,94
3893,99
3894,94
3895,100
3896,95
3897,89
3898,94
3899,98
3900,95
3901,97
3902,96
3903,100
3904,98
3905,99
3906,95
3907,99
3908,99
3909,87
3910,98
3911,98
3912,100
3913,93
3914,94
3915,93
3916,100
3917,99
3918,89
3919,90
3920,82
3921,97
3922,99
3923,83
3924,85
3925,94
3926,99
3927,88
3928,99
3929,93
3930,89
3931,97
3932,100
3933,97
3934,89
3935,96
3936,97
3937,94
3938,89
3939,83
3940,90
3941,100
3942,88
3943,91
3944,100
3945,97
3946,99
3947,97
3948,98
3949,100
3950,100
3951,100
3952,99
3953,90
3954,82
3955,99
3956,100
3957,97
3958,95
3959,92
3960,87
3961,99
3962,93
3963,100
3964,85
3965,99
3966,98
3967,100
3968,100
3969,97
3970,96
3971,98
3972,100
3973,95
3974,100
3975,100
3976,91
3977,100
3978,92
3979,97
3980,100
3981,94
3982,94
3983,99
3984,100
3985,98
3986,85
3987,91
3988,100
3989,98
3990,99
3991,90
3992,100
3993,96
3994,99
3995,97
3996,98
3997,98
3998,95
3999,98
4000,100
4001,100
4002,97
4003,100
4004,95
4005,100
4006,100
4007,92
4008,73
4009,97
4010,100
4011,99
4012,95
4013,98
4014,97
4015,99
4016,100
4017,100
4018,89
4019,84
4020,100
4021,97
4022,100
4023,85
4024,93
4025,98
4026,100
4027,99
4028,87
4029,93
4030,100
4031,91
4032,99
4033,98
4034,95
4035,94
4036,96
4037,97
4038,97
4039,100
4040,91
4041,100
4042,99
4043,93
4044,87
4045,99
4046,87
4047,80
4048,100
4049,98
4050,99
4051,99
4052,88
4053,97
4054,96
4055,97
4056,84
4057,92
4058,98
4059,98
4060,94
4061,100
4062,100
4063,81
4064,87
4065,100
4066,97
4067,100
4068,97
4069,98
4070,98
4071,92
4072,97
4073,83
4074,98
4075,98
4076,98
4077,88
4078,92
4079,90
4080,99
4081,98
4082,95
4083,99
4084,98
4085,90
4086,95
4087,96
4088,96
4089,94
4090,97
4091,93
4092,83
4093,98
4094,100
4095,93
4096,77
4097,94
4098,97
4099,100
4100,99
4101,100
4102,96
4103,87
4104,97
4105,100
4106,95
4107,92
4108,92
4109,92
4110,98
4111,100
4112,100
4113,95
4114,91
4115,100
4116,100
4117,99
4118,99
4119,95
4120,82
4121,100
4122,94
4123,98
4124,95
4125,99
4126,94
4127,100
4128,99
4129,87
4130,95
4131,97
4132,86
4133,98
4134,98
4135,98
4136,91
4137,93
4138,100
4139,99
4140,96
4141,99
4142,91
4143,92
4144,90
4145,89
4146,93
4147,93
4148,98
4149,88
4150,99
4151,97
4152,91
4153,100
4154,90
4155,96
4156,93
4157,99
4158,89
4159,97
4160,97
4161,99
4162,89
4163,87
4164,100
4165,95
4166,100
4167,95
4168,94
4169,100
4170,97
4171,95
4172,100
4173,99
4174,95
4175,98
4176,99
4177,99
4178,98
4179,95
4180,96
4181,99
4182,93
4183,89
4184,98
4185,94
4186,92
4187,96
4188,92
4189,90
4190,100
4191,99
4192,99
4193,96
4194,99
4195,79
4196,97
4197,100
4198,100
4199,100
4200,97
4201,87
4202,97
4203,99
4204,95
4205,98
4206,96
4207,97
4208,97
4209,98
4210,96
4211,89
4212,98
4213,95
4214,92
4215,93
4216,97
4217,99
4218,100
4219,92
4220,88
4221,96
4222,95
4223,97
4224,100
4225,99
4226,90
4227,99
4228,97
4229,96
4230,92
4231,93
4232,96
4233,96
4234,90
4235,95
4236,91
4237,100
4238,97
4239,89
4240,89
4241,92
4242,97
4243,98
4244,90
4245,92
4246,100
4247,85
4248,90
4249,96
4250,94
4251,100
4252,95
4253,100
4254,95
4255,100
4256,98
4257,99
4258,92
4259,92
4260,100
4261,97
4262,95
4263,93
4264,94
4265,96
4266,81
4267,96
4268,92
4269,88
4270,100
4271,98
4272,85
4273,99
4274,89
4275,95
4276,97
4277,98
4278,80
4279,98
4280,99
4281,98
4282,96
4283,95
4284,87
4285,96
4286,92
4287,91
4288,94
4289,98
4290,88
4291,94
4292,92
4293,100
4294,95
4295,99
4296,85
4297,99
4298,88
4299,95
4300,90
4301,99
4302,99
4303,95
4304,95
4305,97
4306,97
4307,100
4308,99
4309,93
4310,95
4311,99
4312,99
4313,99
4314,90
4315,97
4316,99
4317,99
4318,97
4319,100
4320,96
4321,100
4322,93
4323,100
4324,100
4325,100
4326,100
4327,99
4328,99
4329,96
4330,97
4331,100
4332,100
4333,100
4334,91
4335,99
4336,100
4337,99
4338,100
4339,99
4340,95
4341,86
4342,100
4343,95
4344,98
4345,100
4346,98
4347,98
4348,99
4349,100
4350,99
4351,94
4352,99
4353,98
4354,100
4355,100
4356,99
4357,85
4358,96
4359,100
4360,85
4361,99
4362,97
4363,99
4364,98
4365,100
4366,91
4367,100
4368,92
4369,98
4370,96
4371,96
4372,95
4373,98
4374,96
4375,79
4376,96
4377,100
4378,98
4379,100
4380,97
4381,98
4382,94
4383,89
4384,91
4385,98
4386,94
4387,100
4388,96
4389,100
4390,96
4391,98
4392,97
4393,100
4394,90
4395,99
4396,99
4397,96
4398,98
4399,100
4400,98
4401,96
4402,82
4403,97
4404,99
4405,88
4406,87
4407,100
4408,100
4409,97
4410,99
4411,89
4412,93
4413,100
4414,100
4415,92
4416,100
4417,99
4418,99
4419,98
4420,99
4421,94
4422,82
4423,96
4424,99
4425,98
4426,98
4427,100
4428,99
4429,97
4430,100
4431,100
4432,100
4433,81
4434,95
4435,93
4436,96
4437,94
4438,95
4439,67
4440,93
4441,94
4442,99
4443,91
4444,97
4445,100
4446,95
4447,91
4448,100
4449,98
4450,91
4451,99
4452,99
4453,100
4454,86
4455,99
4456,98
4457,98
4458,96
4459,81
4460,98
4461,91
4462,96
4463,88
4464,99
4465,94
4466,100
4467,93
4468,96
4469,99
4470,91
4471,94
4472,97
4473,99
4474,98
4475,86
4476,95
4477,94
4478,98
4479,100
4480,98
4481,98
4482,90
4483,95
4484,87
4485,100
4486,98
4487,87
4488,98
4489,97
4490,96
4491,97
4492,98
4493,83
4494,91
4495,100
4496,98
4497,100
4498,99
4499,88
4500,95
4501,92
4502,95
4503,100
4504,87
4505,99
4506,94
4507,97
4508,99
4509,100
4510,98
4511,93
4512,89
4513,100
4514,100
4515,97
4516,98
4517,93
4518,100
4519,93
4520,95
4521,100
4522,100
4523,92
4524,98
4525,82
4526,98
4527,100
4528,98
4529,99
4530,98
4531,93
4532,80
4533,88
4534,97
4535,100
4536,100
4537,99
4538,92
4539,95
4540,83
4541,98
4542,85
4543,99
4544,99
4545,96
4546,97
4547,97
4548,94
4549,92
4550,99
4551,80
4552,97
4553,100
4554,88
4555,93
4556,100
4557,95
4558,100
4559,100
4560,93
4561,100
4562,95
4563,93
4564,100
4565,97
4566,91
4567,98
4568,100
4569,98
4570,97
4571,98
4572,100
4573,95
4574,93
4575,99
4576,98
4577,84
4578,99
4579,100
4580,99
4581,100
4582,99
4583,95
4584,100
4585,94
4586,85
4587,94
4588,100
4589,100
4590,100
4591,98
4592,98
4593,90
4594,99
4595,87
4596,96
4597,83
4598,87
4599,100
4600,93
4601,100
4602,97
4603,98
4604,90
4605,95
4606,96
4607,99
4608,98
4609,99
4610,96
4611,99
4612,100
4613,99
4614,100
4615,97
4616,100
4617,94
4618,94
4619,89
4620,100
4621,81
4622,99
4623,100
4624,98
4625,92
4626,100
4627,100
4628,87
4629,89
4630,88
4631,100
4632,99
4633,99
4634,99
4635,90
4636,96
4637,94
4638,95
4639,96
4640,98
4641,98
4642,96
4643,93
4644,91
4645,88
4646,92
4647,99
4648,88
4649,98
4650,100
4651,100
4652,96
4653,100
4654,99
4655,97
4656,98
4657,94
4658,100
4659,99
4660,96
4661,98
4662,89
4663,95
4664,98
4665,85
4666,98
4667,97
4668,95
4669,95
4670,90
4671,95
4672,85
4673,93
4674,99
4675,96
4676,99
4677,100
4678,93
4679,92
4680,95
4681,99
4682,99
4683,95
4684,95
4685,100
4686,100
4687,100
4688,80
4689,98
4690,86
4691,94
4692,100
4693,99
4694,91
4695,84
4696,98
4697,100
4698,99
4699,98
4700,98
4701,93
4702,94
4703,95
4704,99
4705,100
4706,100
4707,95
4708,97
4709,98
4710,99
4711,95
4712,97
4713,99
4714,97
4715,95
4716,99
4717,85
4718,96
4719,96
4720,98
4721,99
4722,98
4723,94
4724,98
4725,98
4726,99
4727,97
4728,97
4729,97
4730,96
4731,97
4732,95
4733,96
4734,98
4735,84
4736,99
4737,92
4738,99
4739,95
4740,91
4741,98
4742,98
4743,99
4744,98
4745,99
4746,86
4747,95
4748,100
4749,100
4750,93
4751,92
4752,99
4753,100
4754,96
4755,100
4756,88
4757,95
4758,96
4759,90
4760,83
4761,92
4762,86
4763,94
4764,94
4765,100
4766,90
4767,96
4768,92
4769,100
4770,99
4771,99
4772,98
4773,97
4774,99
4775,78
4776,100
4777,99
4778,97
4779,92
4780,99
4781,100
4782,98
4783,100
4784,96
4785,95
4786,98
4787,93
4788,96
4789,83
4790,94
4791,100
4792,86
4793,90
4794,91
4795,100
4796,98
4797,98
4798,95
4799,93
4800,99
4801,99
4802,95
4803,96
4804,97
4805,97
4806,90
4807,99
4808,98
4809,100
4810,98
4811,99
4812,100
4813,93
4814,94
4815,98
4816,96
4817,100
4818,95
4819,99
4820,97
4821,96
4822,95
4823,87
4824,86
4825,86
4826,95
4827,100
4828,80
4829,91
4830,83
4831,84
4832,97
4833,96
4834,63
4835,94
4836,89
4837,93
4838,98
4839,97
4840,93
4841,100
4842,87
4843,92
4844,100
4845,92
4846,99
4847,98
4848,93
4849,97
4850,95
4851,86
4852,99
4853,98
4854,93
4855,98
4856,99
4857,100
4858,99
4859,97
4860,96
4861,100
4862,96
4863,78
4864,92
4865,99
4866,99
4867,95
4868,87
4869,86
4870,94
4871,99
4872,94
4873,99
4874,98
4875,90
4876,100
4877,99
4878,94
4879,95
4880,93
4881,99
4882,100
4883,100
4884,93
4885,97
4886,98
4887,97
4888,100
4889,90
4890,100
4891,96
4892,97
4893,99
4894,98
4895,99
4896,99
4897,83
4898,99
4899,98
4900,95
4901,98
4902,97
4903,99
4904,89
4905,98
4906,100
4907,92
4908,93
4909,95
4910,100
4911,96
4912,93
4913,98
4914,86
4915,80
4916,100
4917,97
4918,96
4919,100
4920,90
4921,99
4922,97
4923,98
4924,88
4925,99
4926,98
4927,96
4928,90
4929,94
4930,98
4931,100
4932,92
4933,100
4934,96
4935,93
4936,99
4937,100
4938,93
4939,89
4940,96
4941,96
4942,90
4943,90
4944,96
4945,93
4946,82
4947,99
4948,99
4949,94
4950,99
4951,100
4952,97
4953,95
4954,95
4955,98
4956,97
4957,96
4958,98
4959,94
4960,99
4961,100
4962,100
4963,99
4964,100
4965,88
4966,100
4967,95
4968,100
4969,100
4970,93
4971,97
4972,94
4973,100
4974,100
4975,86
4976,95
4977,98
4978,98
4979,98
4980,96
4981,93
4982,90
4983,84
4984,100
4985,94
4986,88
4987,92
4988,93
4989,88
4990,95
4991,92
4992,95
4993,99
4994,96
4995,93
4996,100
4997,99
4998,98
4999,90
5000,100
5001,97
5002,98
5003,81
5004,96
5005,97
5006,100
5007,100
5008,82
5009,98
5010,98
5011,100
5012,100
5013,92
5014,98
5015,95
5016,96
5017,100
5018,98
5019,95
5020,87
5021,96
5022,95
5023,85
5024,99
5025,98
5026,98
5027,95
5028,97
5029,95
5030,97
5031,98
5032,96
5033,97
5034,92
5035,95
5036,99
5037,91
5038,99
5039,100
5040,99
5041,99
5042,79
5043,94
5044,78
5045,97
5046,98
5047,98
5048,91
5049,98
5050,99
5051,99
5052,100
5053,99
5054,98
5055,100
5056,91
5057,97
5058,90
5059,100
5060,100
5061,100
5062,96
5063,97
5064,97
5065,92
5066,97
5067,100
5068,99
5069,97
5070,100
5071,96
5072,98
5073,88
5074,94
5075,97
5076,100
5077,98
5078,94
5079,96
5080,98
5081,98
5082,98
5083,94
5084,98
5085,99
5086,76
5087,92
5088,100
5089,100
5090,99
5091,95
5092,97
5093,96
5094,99
5095,90
5096,98
5097,100
5098,92
5099,93
5100,96
5101,98
5102,98
5103,94
5104,96
5105,97
5106,96
5107,83
5108,100
5109,100
5110,96
5111,99
5112,99
5113,82
5114,87
5115,96
5116,92
5117,99
5118,95
5119,97
5120,84
5121,98
5122,100
5123,97
5124,100
5125,100
5126,99
5127,84
5128,96
5129,98
5130,98
5131,99
5132,92
5133,100
5134,100
5135,93
5136,93
5137,100
5138,99
5139,95
5140,97
5141,98
5142,99
5143,90
5144,91
5145,94
5146,96
5147,92
5148,88
5149,99
5150,92
5151,91
5152,100
5153,99
5154,100
5155,96
5156,96
5157,100
5158,96
5159,99
5160,98
5161,99
5162,77
5163,100
5164,98
5165,96
5166,98
5167,97
5168,93
5169,100
5170,96
5171,96
5172,96
5173,95
5174,99
5175,100
5176,98
5177,98
5178,91
5179,100
5180,84
5181,100
5182,99
5183,98
5184,100
5185,99
5186,100
5187,99
5188,100
5189,98
5190,97
5191,96
5192,100
5193,96
5194,99
5195,79
5196,87
5197,89
5198,94
5199,98
5200,98
5201,97
5202,96
5203,100
5204,95
5205,100
5206,91
5207,100
5208,90
5209,100
5210,100
5211,91
5212,96
5213,98
5214,75
5215,91
5216,97
5217,97
5218,91
5219,92
5220,98
5221,96
5222,98
5223,98
5224,97
5225,100
5226,99
5227,92
5228,95
5229,100
5230,98
5231,96
5232,98
5233,100
5234,98
5235,73
5236,93
5237,98
5238,100
5239,98
5240,98
5241,98
5242,86
5243,95
5244,90
5245,97
5246,76
5247,100
5248,98
5249,99
5250,94
5251,93
5252,96
5253,99
5254,92
5255,97
5256,98
5257,92
5258,98
5259,98
5260,99
5261,83
5262,97
5263,94
5264,92
5265,100
5266,98
5267,92
5268,94
5269,98
5270,96
5271,99
5272,99
5273,95
5274,81
5275,89
5276,95
5277,98
5278,100
5279,98
5280,97
5281,98
5282,98
5283,93
5284,100
5285,93
5286,97
5287,87
5288,97
5289,100
5290,97
5291,100
5292,87
5293,94
5294,92
5295,99
5296,95
5297,97
5298,96
5299,98
5300,96
5301,98
5302,99
5303,96
5304,92
5305,94
5306,88
5307,91
5308,93
5309,98
5310,95
5311,87
5312,96
5313,95
5314,89
5315,91
5316,98
5317,89
5318,99
5319,93
5320,83
5321,90
5322,98
5323,95
5324,98
5325,98
5326,79
5327,100
5328,98
5329,95
5330,95
5331,99
5332,100
5333,100
5334,96
5335,91
5336,100
5337,99
5338,99
5339,97
5340,100
5341,95
5342,91
5343,99
5344,99
5345,94
5346,97
5347,95
5348,99
5349,98
5350,100
5351,98
5352,94
5353,99
5354,100
5355,90
5356,90
5357,83
5358,99
5359,99
5360,99
5361,95
5362,97
5363,97
5364,96
5365,100
5366,96
5367,97
5368,100
5369,100
5370,92
5371,88
5372,96
5373,92
5374,95
5375,100
5376,84
5377,94
5378,100
5379,98
5380,99
5381,100
5382,94
5383,98
5384,89
5385,97
5386,91
5387,87
5388,98
5389,89
5390,94
5391,91
5392,93
5393,88
5394,96
5395,92
5396,94
5397,95
5398,100
5399,100
5400,93
5401,97
5402,98
5403,93
5404,98
5405,88
5406,80
5407,100
5408,99
5409,92
5410,100
5411,82
5412,93
5413,100
5414,95
5415,98
5416,97
5417,91
5418,100
5419,81
5420,98
5421,83
5422,96
5423,89
5424,93
5425,93
5426,100
5427,92
5428,98
5429,95
5430,99
5431,99
5432,91
5433,89
5434,97
5435,97
5436,98
5437,95
5438,97
5439,96
5440,100
5441,91
5442,100
5443,100
5444,100
5445,95
5446,93
5447,98
5448,98
5449,94
5450,100
5451,97
5452,99
5453,100
5454,98
5455,100
5456,96
5457,96
5458,98
5459,100
5460,100
5461,96
5462,95
5463,100
5464,98
5465,98
5466,99
5467,95
5468,95
5469,97
5470,98
5471,89
5472,100
5473,99
5474,100
5475,88
5476,97
5477,99
5478,100
5479,96
5480,100
5481,100
5482,96
5483,100
5484,100
5485,100
5486,92
5487,98
5488,99
5489,98
5490,94
5491,100
5492,88
5493,95
5494,93
5495,85
5496,87
5497,100
5498,100
5499,99
5500,98
5501,95
5502,93
5503,100
5504,100
5505,94
5506,99
5507,98
5508,88
5509,92
5510,100
5511,100
5512,95
5513,96
5514,98
5515,96
5516,93
5517,89
5518,97
5519,93
5520,93
5521,100
5522,100
5523,99
5524,98
5525,89
5526,94
5527,87
5528,95
5529,90
5530,99
5531,99
5532,99
5533,93
5534,96
5535,95
5536,100
5537,96
5538,99
5539,92
5540,98
5541,96
5542,95
5543,99
5544,95
5545,98
5546,100
5547,96
5548,77
5549,99
5550,94
5551,83
5552,95
5553,82
5554,92
5555,87
5556,92
5557,94
5558,75
5559,92
5560,95
5561,100
5562,99
5563,92
5564,96
5565,100
5566,97
5567,97
5568,99
5569,88
5570,86
5571,99
5572,99
5573,95
5574,100
5575,97
5576,95
5577,99
5578,92
5579,99
5580,100
5581,92
5582,97
5583,100
5584,95
5585,100
5586,99
5587,82
5588,97
5589,100
5590,95
5591,100
5592,97
5593,100
5594,99
5595,99
5596,94
5597,97
5598,99
5599,87
5600,100
5601,97
5602,100
5603,94
5604,98
5605,96
5606,97
5607,91
5608,100
5609,100
5610,91
5611,98
5612,84
5613,97
5614,97
5615,98
5616,98
5617,95
5618,100
5619,100
5620,93
5621,99
5622,97
5623,100
5624,96
5625,100
5626,96
5627,99
5628,94
5629,78
5630,84
5631,90
5632,89
5633,87
5634,99
5635,100
5636,94
5637,100
5638,84
5639,91
5640,84
5641,96
5642,96
5643,93
5644,99
5645,95
5646,92
5647,99
5648,94
5649,93
5650,95
5651,98
5652,93
5653,98
5654,99
5655,100
5656,97
5657,100
5658,97
5659,87
5660,97
5661,97
5662,93
5663,92
5664,99
5665,97
5666,91
5667,97
5668,100
5669,96
5670,100
5671,87
5672,92
5673,94
5674,99
5675,98
5676,85
5677,93
5678,100
5679,95
5680,98
5681,100
5682,100
5683,90
5684,97
5685,81
5686,94
5687,90
5688,97
5689,95
5690,82
5691,99
5692,90
5693,88
5694,100
5695,99
5696,99
5697,95
5698,86
5699,88
5700,95
5701,96
5702,92
5703,98
5704,97
5705,92
5706,95
5707,91
5708,100
5709,97
5710,97
5711,99
5712,100
5713,99
5714,92
5715,100
5716,99
5717,100
5718,98
5719,100
5720,96
5721,90
5722,82
5723,99
5724,99
5725,99
5726,98
5727,99
5728,98
5729,98
5730,91
5731,100
5732,96
5733,100
5734,89
5735,94
5736,99
5737,98
5738,98
5739,95
5740,79
5741,100
5742,98
5743,98
5744,92
5745,85
5746,96
5747,99
5748,87
5749,100
5750,100
5751,99
5752,99
5753,87
5754,92
5755,99
5756,99
5757,98
5758,94
5759,95
5760,95
5761,100
5762,96
5763,100
5764,96
5765,90
5766,95
5767,94
5768,99
5769,87
5770,98
5771,100
5772,92
5773,97
5774,92
5775,97
5776,96
5777,99
5778,98
5779,97
5780,85
5781,96
5782,100
5783,98
5784,95
5785,90
5786,98
5787,98
5788,97
5789,96
5790,98
5791,88
5792,96
5793,95
5794,91
5795,98
5796,92
5797,99
5798,96
5799,89
5800,100
5801,95
5802,92
5803,92
5804,82
5805,100
5806,99
5807,87
5808,97
5809,99
5810,97
5811,73
5812,94
5813,91
5814,99
5815,94
5816,92
5817,100
5818,98
5819,96
5820,86
5821,99
5822,100
5823,88
5824,89
5825,91
5826,98
5827,97
5828,100
5829,97
5830,94
5831,94
5832,99
5833,87
5834,92
5835,100
5836,91
5837,96
5838,97
5839,99
5840,98
5841,86
5842,98
5843,99
5844,99
5845,100
5846,93
5847,95
5848,100
5849,97
5850,95
5851,99
5852,100
5853,98
5854,100
5855,93
5856,90
5857,99
5858,93
5859,94
5860,97
5861,85
5862,92
5863,100
5864,93
5865,97
5866,97
5867,100
5868,93
5869,100
5870,97
5871,100
5872,98
5873,80
5874,99
5875,99
5876,100
5877,95
5878,98
5879,99
5880,99
5881,92
5882,97
5883,97
5884,100
5885,98
5886,92
5887,99
5888,91
5889,100
5890,96
5891,97
5892,100
5893,93
5894,98
5895,98
5896,100
5897,92
5898,93
5899,98
5900,82
5901,93
5902,84
5903,94
5904,97
5905,99
5906,100
5907,90
5908,99
5909,98
5910,99
5911,98
5912,97
5913,89
5914,100
5915,99
5916,88
5917,99
5918,98
5919,79
5920,100
5921,98
5922,100
5923,99
5924,99
5925,94
5926,100
5927,93
5928,93
5929,88
5930,89
5931,96
5932,100
5933,86
5934,99
5935,98
5936,93
5937,95
5938,99
5939,95
5940,92
5941,100
5942,99
5943,87
5944,94
5945,100
5946,85
5947,97
5948,98
5949,99
5950,100
5951,90
5952,89
5953,98
5954,94
5955,98
5956,100
5957,100
5958,94
5959,100
5960,100
5961,97
5962,99
5963,95
5964,96
5965,96
5966,96
5967,95
5968,99
5969,98
5970,100
5971,98
5972,98
5973,99
5974,97
5975,91
5976,97
5977,87
5978,100
5979,95
5980,93
5981,94
5982,95
5983,95
5984,99
5985,85
5986,93
5987,95
5988,96
5989,100
5990,99
5991,97
5992,100
5993,87
5994,80
5995,99
5996,100
5997,99
5998,97
5999,93
6000,88
6001,98
6002,92
6003,100
6004,100
6005,99
6006,72
6007,94
6008,98
6009,95
6010,99
6011,98
6012,97
6013,98
6014,99
6015,97
6016,96
6017,97
6018,98
6019,100
6020,87
6021,98
6022,90
6023,100
6024,95
6025,92
6026,99
6027,97
6028,84
6029,93
6030,85
6031,91
6032,94
6033,92
6034,98
6035,99
6036,98
6037,95
6038,90
6039,98
6040,91
6041,99
6042,97
6043,81
6044,97
6045,98
6046,95
6047,83
6048,99
6049,100
6050,100
6051,98
6052,100
6053,99
6054,95
6055,100
6056,98
6057,85
6058,99
6059,95
6060,95
6061,100
6062,99
6063,97
6064,98
6065,91
6066,100
6067,95
6068,94
6069,96
6070,99
6071,99
6072,82
6073,99
6074,93
6075,86
6076,94
6077,98
6078,91
6079,95
6080,100
6081,97
6082,97
6083,93
6084,99
6085,89
6086,98
6087,99
6088,99
6089,99
6090,86
6091,99
6092,100
6093,99
6094,95
6095,99
6096,91
6097,93
6098,100
6099,96
6100,96
6101,96
6102,100
6103,95
6104,100
6105,98
6106,90
6107,95
6108,100
6109,90
6110,95
6111,97
6112,100
6113,97
6114,99
6115,93
6116,93
6117,97
6118,95
6119,93
6120,95
6121,95
6122,89
6123,100
6124,98
6125,96
6126,97
6127,100
6128,88
6129,85
6130,86
6131,93
6132,96
6133,93
6134,100
6135,94
6136,100
6137,99
6138,97
6139,98
6140,100
6141,98
6142,99
6143,99
6144,98
6145,96
6146,96
6147,100
6148,98
6149,83
6150,96
6151,98
6152,100
6153,96
6154,93
6155,97
6156,95
6157,94
6158,87
6159,99
6160,88
6161,82
6162,96
6163,96
6164,82
6165,75
6166,97
6167,100
6168,98
6169,97
6170,86
6171,96
6172,100
6173,99
6174,97
6175,81
6176,75
6177,100
6178,90
6179,95
6180,90
6181,92
6182,99
6183,96
6184,100
6185,99
6186,99
6187,90
6188,98
6189,98
6190,94
6191,90
6192,90
6193,95
6194,97
6195,97
6196,91
6197,95
6198,94
6199,95
6200,91
6201,99
6202,92
6203,96
6204,99
6205,96
6206,100
6207,90
6208,93
6209,97
6210,98
6211,100
6212,92
6213,94
6214,93
6215,87
6216,93
6217,99
6218,86
6219,93
6220,94
6221,100
6222,91
6223,89
6224,93
6225,96
6226,97
6227,98
6228,96
6229,100
6230,85
6231,94
6232,95
6233,97
6234,98
6235,92
6236,88
6237,89
6238,97
6239,98
6240,96
6241,91
6242,89
6243,100
6244,94
6245,94
6246,100
6247,97
6248,100
6249,98
6250,97
6251,81
6252,97
6253,91
6254,87
6255,95
6256,97
6257,93
6258,99
6259,100
6260,98
6261,99
6262,99
6263,90
6264,90
6265,82
6266,92
6267,99
6268,98
6269,99
6270,99
6271,97
6272,88
6273,99
6274,95
6275,96
6276,100
6277,92
6278,97
6279,96
6280,99
6281,97
6282,90
6283,97
6284,98
6285,100
6286,100
6287,95
6288,100
6289,98
6290,100
6291,100
6292,100
6293,89
6294,94
6295,84
6296,100
6297,94
6298,98
6299,100
6300,90
6301,86
6302,89
6303,93
6304,100
6305,94
6306,95
6307,94
6308,93
6309,96
6310,96
6311,96
6312,99
6313,74
6314,94
6315,100
6316,99
6317,100
6318,94
6319,95
6320,93
6321,94
6322,95
6323,99
6324,96
6325,94
6326,92
6327,98
6328,89
6329,99
6330,100
6331,96
6332,98
6333,97
6334,98
6335,86
6336,100
6337,97
6338,92
6339,99
6340,96
6341,97
6342,91
6343,98
6344,93
6345,99
6346,95
6347,97
6348,88
6349,96
6350,82
6351,89
6352,99
6353,97
6354,99
6355,92
6356,90
6357,96
6358,97
6359,94
6360,94
6361,96
6362,99
6363,78
6364,99
6365,89
6366,100
6367,92
6368,95
6369,97
6370,99
6371,100
6372,98
6373,95
6374,97
6375,91
6376,100
6377,95
6378,93
6379,100
6380,81
6381,100
6382,99
6383,100
6384,100
6385,95
6386,99
6387,100
6388,99
6389,88
6390,91
6391,96
6392,96
6393,95
6394,80
6395,96
6396,95
6397,96
6398,99
6399,94
6400,96
6401,85
6402,94
6403,93
6404,99
6405,95
6406,90
6407,91
6408,88
6409,98
6410,94
6411,99
6412,84
6413,90
6414,93
6415,98
6416,99
6417,92
6418,94
6419,100
6420,99
6421,100
6422,99
6423,92
6424,99
6425,100
6426,89
6427,98
6428,97
6429,97
6430,98
6431,94
6432,94
6433,97
6434,93
6435,100
6436,99
6437,96
6438,96
6439,96
6440,91
6441,100
6442,100
6443,98
6444,98
6445,89
6446,99
6447,95
6448,87
6449,92
6450,93
6451,100
6452,86
6453,92
6454,91
6455,95
6456,89
6457,96
6458,99
6459,82
6460,97
6461,89
6462,95
6463,97
6464,95
6465,94
6466,97
6467,96
6468,93
6469,95
6470,98
6471,100
6472,93
6473,99
6474,81
6475,100
6476,97
6477,88
6478,97
6479,97
6480,94
6481,93
6482,99
6483,94
6484,96
6485,97
6486,98
6487,96
6488,96
6489,97
6490,100
6491,83
6492,86
6493,95
6494,95
6495,95
6496,93
6497,95
6498,100
6499,93
6500,77
6501,100
6502,99
6503,94
6504,97
6505,100
6506,95
6507,98
6508,97
6509,98
6510,98
6511,98
6512,99
6513,93
6514,88
6515,99
6516,99
6517,100
6518,96
6519,84
6520,91
6521,97
6522,96
6523,96
6524,96
6525,99
6526,99
6527,96
6528,98
6529,100
6530,95
6531,99
6532,100
6533,94
6534,95
6535,100
6536,96
6537,100
6538,91
6539,99
6540,99
6541,92
6542,100
6543,99
6544,93
6545,91
6546,90
6547,70
6548,99
6549,98
6550,100
6551,88
6552,86
6553,90
6554,95
6555,98
6556,99
6557,98
6558,88
6559,97
6560,100
6561,83
6562,96
6563,91
6564,87
6565,96
6566,98
6567,100
6568,90
6569,88
6570,97
6571,96
6572,94
6573,94
6574,99
6575,89
6576,99
6577,97
6578,99
6579,98
6580,93
6581,100
6582,98
6583,99
6584,100
6585,95
6586,100
6587,94
6588,85
6589,95
6590,91
6591,98
6592,97
6593,90
6594,97
6595,100
6596,98
6597,100
6598,100
6599,95
6600,100
6601,96
6602,86
6603,88
6604,99
6605,100
6606,100
6607,94
6608,96
6609,92
6610,99
6611,92
6612,99
6613,100
6614,100
6615,97
6616,98
6617,100
6618,96
6619,93
6620,95
6621,98
6622,100
6623,93
6624,96
6625,98
6626,98
6627,100
6628,92
6629,98
6630,95
6631,98
6632,93
6633,97
6634,97
6635,100
6636,100
6637,92
6638,98
6639,100
6640,94
6641,98
6642,99
6643,100
6644,97
6645,94
6646,100
6647,97
6648,95
6649,97
6650,98
6651,85
6652,96
6653,97
6654,95
6655,98
6656,100
6657,93
6658,98
6659,94
6660,95
6661,81
6662,98
6663,91
6664,98
6665,84
6666,88
6667,91
6668,97
6669,92
6670,95
6671,93
6672,100
6673,100
6674,100
6675,86
6676,98
6677,99
6678,99
6679,100
6680,100
6681,95
6682,97
6683,100
6684,97
6685,96
6686,95
6687,97
6688,100
6689,100
6690,99
6691,91
6692,97
6693,95
6694,86
6695,99
6696,100
6697,96
6698,90
6699,78
6700,96
6701,97
6702,100
6703,99
6704,94
6705,89
6706,94
6707,93
6708,96
6709,94
6710,99
6711,89
6712,97
6713,89
6714,99
6715,100
6716,87
6717,82
6718,99
6719,88
6720,98
6721,90
6722,98
6723,96
6724,99
6725,100
6726,91
6727,99
6728,100
6729,98
6730,94
6731,94
6732,93
6733,98
6734,91
6735,91
6736,84
6737,93
6738,100
6739,96
6740,100
6741,98
6742,99
6743,96
6744,98
6745,90
6746,88
6747,99
6748,83
6749,98
6750,95
6751,100
6752,98
6753,97
6754,99
6755,89
6756,97
6757,100
6758,95
6759,89
6760,91
6761,94
6762,86
6763,99
6764,99
6765,97
6766,99
6767,98
6768,89
6769,97
6770,99
6771,99
6772,98
6773,100
6774,98
6775,98
6776,94
6777,99
6778,90
6779,81
6780,82
6781,100
6782,100
6783,98
6784,98
6785,100
6786,85
6787,99
6788,89
6789,91
6790,92
6791,92
6792,91
6793,92
6794,100
6795,95
6796,92
6797,92
6798,97
6799,94
6800,99
6801,69
6802,96
6803,100
6804,95
6805,90
6806,98
6807,94
6808,98
6809,100
6810,74
6811,93
6812,94
6813,100
6814,98
6815,99
6816,99
6817,92
6818,86
6819,94
6820,89
6821,97
6822,96
6823,98
6824,95
6825,82
6826,96
6827,94
6828,98
6829,90
6830,99
6831,86
6832,94
6833,96
6834,99
6835,95
6836,100
6837,99
6838,100
6839,99
6840,95
6841,100
6842,97
6843,71
6844,89
6845,98
6846,97
6847,92
6848,93
6849,93
6850,95
6851,100
6852,86
6853,97
6854,97
6855,93
6856,86
6857,99
6858,78
6859,91
6860,93
6861,95
6862,98
6863,99
6864,94
6865,93
6866,95
6867,100
6868,99
6869,94
6870,100
6871,91
6872,100
6873,100
6874,84
6875,99
6876,94
6877,90
6878,97
6879,99
6880,94
6881,97
6882,89
6883,99
6884,93
6885,85
6886,91
6887,99
6888,98
6889,99
6890,98
6891,98
6892,86
6893,94
6894,87
6895,96
6896,98
6897,91
6898,100
6899,98
6900,97
6901,99
6902,93
6903,97
6904,100
6905,96
6906,100
6907,100
6908,84
6909,94
6910,96
6911,99
6912,99
6913,87
6914,94
6915,100
6916,100
6917,96
6918,98
6919,100
6920,95
6921,97
6922,94
6923,96
6924,100
6925,99
6926,98
6927,100
6928,98
6929,88
6930,89
6931,96
6932,97
6933,98
6934,96
6935,93
6936,99
6937,91
6938,100
6939,97
6940,94
6941,98
6942,99
6943,100
6944,95
6945,96
6946,86
6947,100
6948,95
6949,95
6950,85
6951,96
6952,100
6953,91
6954,99
6955,97
6956,98
6957,98
6958,85
6959,81
6960,81
6961,95
6962,98
6963,95
6964,98
6965,97
6966,98
6967,100
6968,97
6969,98
6970,100
6971,83
6972,100
6973,99
6974,96
6975,90
6976,87
6977,96
6978,88
6979,100
6980,100
6981,92
6982,100
6983,89
6984,98
6985,99
6986,92
6987,99
6988,91
6989,96
6990,94
6991,99
6992,95
6993,98
6994,91
6995,99
6996,96
6997,99
6998,89
6999,99
7000,98
7001,98
7002,88
7003,98
7004,92
7005,100
7006,97
7007,91
7008,92
7009,92
7010,97
7011,94
7012,97
7013,91
7014,97
7015,93
7016,99
7017,99
7018,100
7019,100
7020,97
7021,100
7022,99
7023,89
7024,100
7025,93
7026,92
7027,98
7028,99
7029,86
7030,97
7031,100
7032,98
7033,81
7034,98
7035,97
7036,99
7037,98
7038,96
7039,91
7040,98
7041,92
7042,85
7043,100
7044,94
7045,100
7046,95
7047,100
7048,99
7049,99
7050,96
7051,98
7052,95
7053,90
7054,100
7055,98
7056,98
7057,95
7058,86
7059,99
7060,100
7061,96
7062,83
7063,97
7064,99
7065,91
7066,93
7067,95
7068,97
7069,94
7070,92
7071,99
7072,90
7073,99
7074,100
7075,90
7076,95
7077,97
7078,99
7079,99
7080,75
7081,98
7082,100
7083,95
7084,100
7085,80
7086,98
7087,90
7088,94
7089,92
7090,99
7091,98
7092,99
7093,99
7094,100
7095,98
7096,86
7097,99
7098,94
7099,99
7100,96
7101,92
7102,99
7103,93
7104,99
7105,98
7106,91
7107,96
7108,100
7109,77
7110,98
7111,90
7112,94
7113,94
7114,92
7115,98
7116,98
7117,100
7118,100
7119,100
7120,98
7121,96
7122,96
7123,95
7124,97
7125,87
7126,92
7127,97
7128,100
7129,87
7130,93
7131,100
7132,96
7133,99
7134,100
7135,89
7136,95
7137,82
7138,95
7139,97
7140,95
7141,95
7142,100
7143,90
7144,99
7145,95
7146,97
7147,99
7148,98
7149,95
7150,92
7151,98
7152,89
7153,93
7154,93
7155,93
7156,98
7157,85
7158,94
7159,86
7160,100
7161,96
7162,99
7163,100
7164,100
7165,97
7166,88
7167,99
7168,91
7169,95
7170,100
7171,100
7172,100
7173,91
7174,100
7175,91
7176,100
7177,95
7178,98
7179,95
7180,100
7181,97
7182,96
7183,99
7184,87
7185,98
7186,100
7187,91
7188,96
7189,100
7190,98
7191,89
7192,94
7193,98
7194,96
7195,95
7196,93
7197,99
7198,98
7199,95
7200,100
7201,95
7202,95
7203,89
7204,97
7205,100
7206,92
7207,94
7208,98
7209,98
7210,91
7211,100
7212,90
7213,97
7214,96
7215,96
7216,96
7217,91
7218,94
7219,94
7220,100
7221,99
7222,93
7223,95
7224,99
7225,95
7226,98
7227,96
7228,98
7229,100
7230,100
7231,99
7232,100
7233,85
7234,95
7235,99
7236,98
7237,93
7238,93
7239,100
7240,100
7241,99
7242,100
7243,96
7244,98
7245,98
7246,99
7247,100
7248,92
7249,96
7250,92
7251,97
7252,96
7253,100
7254,93
7255,98
7256,99
7257,94
7258,90
7259,96
7260,97
7261,100
7262,98
7263,95
7264,100
7265,99
7266,97
7267,81
7268,95
7269,93
7270,99
7271,98
7272,92
7273,99
7274,84
7275,98
7276,92
7277,98
7278,100
7279,100
7280,96
7281,99
7282,94
7283,89
7284,90
7285,99
7286,88
7287,96
7288,92
7289,99
7290,99
7291,87
7292,83
7293,99
7294,100
7295,95
7296,97
7297,93
7298,90
7299,96
7300,83
7301,100
7302,93
7303,99
7304,88
7305,98
7306,98
7307,88
7308,92
7309,85
7310,90
7311,83
7312,100
7313,95
7314,96
7315,95
7316,95
7317,100
7318,98
7319,99
7320,100
7321,99
7322,78
7323,97
7324,99
7325,93
7326,97
7327,94
7328,99
7329,87
7330,95
7331,100
7332,85
7333,93
7334,99
7335,99
7336,79
7337,83
7338,85
7339,94
7340,85
7341,99
7342,97
7343,98
7344,100
7345,96
7346,84
7347,99
7348,97
7349,93
7350,98
7351,94
7352,90
7353,100
7354,82
7355,100
7356,95
7357,84
7358,97
7359,83
7360,99
7361,95
7362,98
7363,91
7364,100
7365,97
7366,95
7367,100
7368,96
7369,95
7370,88
7371,90
7372,93
7373,98
7374,100
7375,100
7376,96
7377,90
7378,98
7379,100
7380,97
7381,94
7382,100
7383,98
7384,95
7385,86
7386,91
7387,96
7388,98
7389,93
7390,99
7391,90
7392,93
7393,98
7394,88
7395,86
7396,95
7397,78
7398,95
7399,98
7400,92
7401,99
7402,94
7403,98
7404,100
7405,100
7406,95
7407,100
7408,97
7409,91
7410,90
7411,97
7412,100
7413,100
7414,98
7415,99
7416,100
7417,86
7418,95
7419,98
7420,96
7421,100
7422,99
7423,98
7424,92
7425,96
7426,67
7427,97
7428,97
7429,98
7430,91
7431,100
7432,91
7433,100
7434,98
7435,99
7436,96
7437,94
7438,100
7439,91
7440,95
7441,98
7442,97
7443,100
7444,97
7445,98
7446,99
7447,98
7448,95
7449,95
7450,85
7451,97
7452,100
7453,98
7454,98
7455,92
7456,98
7457,93
7458,100
7459,99
7460,99
7461,91
7462,97
7463,100
7464,99
7465,94
7466,97
7467,99
7468,93
7469,100
7470,100
7471,84
7472,100
7473,83
7474,96
7475,99
7476,99
7477,95
7478,100
7479,98
7480,99
7481,99
7482,97
7483,94
7484,100
7485,100
7486,92
7487,87
7488,76
7489,100
7490,95
7491,100
7492,93
7493,91
7494,99
7495,100
7496,99
7497,92
7498,97
7499,100
7500,92
7501,100
7502,100
7503,98
7504,98
7505,94
7506,91
7507,96
7508,93
7509,99
7510,98
7511,99
7512,98
7513,97
7514,96
7515,93
7516,99
7517,96
7518,87
7519,99
7520,100
7521,95
7522,100
7523,93
7524,98
7525,95
7526,96
7527,77
7528,97
7529,99
7530,88
7531,91
7532,100
7533,93
7534,100
7535,93
7536,92
7537,99
7538,91
7539,96
7540,100
7541,100
7542,100
7543,100
7544,100
7545,97
7546,96
7547,100
7548,90
7549,100
7550,100
7551,100
7552,93
7553,85
7554,92
7555,95
7556,99
7557,88
7558,100
7559,98
7560,95
7561,100
7562,84
7563,95
7564,99
7565,98
7566,96
7567,87
7568,97
7569,98
7570,99
7571,87
7572,90
7573,98
7574,100
7575,93
7576,99
7577,90
7578,95
7579,100
7580,97
7581,97
7582,86
7583,97
7584,100
7585,98
7586,100
7587,85
7588,95
7589,95
7590,97
7591,91
7592,98
7593,100
7594,80
7595,97
7596,86
7597,100
7598,83
7599,96
7600,89
7601,85
7602,94
7603,89
7604,93
7605,97
7606,96
7607,96
7608,98
7609,72
7610,100
7611,98
7612,99
7613,94
7614,96
7615,87
7616,99
7617,95
7618,100
7619,91
7620,99
7621,100
7622,96
7623,92
7624,97
7625,96
7626,95
7627,86
7628,98
7629,100
7630,100
7631,100
7632,100
7633,98
7634,93
7635,92
7636,100
7637,100
7638,95
7639,99
7640,97
7641,97
7642,96
7643,92
7644,98
7645,96
7646,94
7647,99
7648,92
7649,86
7650,92
7651,92
7652,92
7653,99
7654,94
7655,97
7656,94
7657,98
7658,92
7659,99
7660,98
7661,86
7662,97
7663,100
7664,99
7665,98
7666,99
7667,97
7668,94
7669,99
7670,95
7671,97
7672,93
7673,98
7674,89
7675,93
7676,89
7677,92
7678,100
7679,99
7680,88
7681,97
7682,97
7683,96
7684,97
7685,94
7686,96
7687,91
7688,89
7689,96
7690,99
7691,91
7692,99
7693,100
7694,91
7695,95
7696,94
7697,93
7698,98
7699,98
7700,100
7701,100
7702,99
7703,92
7704,98
7705,100
7706,94
7707,99
7708,96
7709,94
7710,100
7711,73
7712,85
7713,91
7714,99
7715,95
7716,89
7717,100
7718,97
7719,99
7720,98
7721,95
7722,99
7723,98
7724,97
7725,91
7726,96
7727,84
7728,95
7729,87
7730,89
7731,91
7732,99
7733,98
7734,98
7735,93
7736,95
7737,90
7738,96
7739,90
7740,84
7741,100
7742,98
7743,98
7744,99
7745,99
7746,76
7747,100
7748,98
7749,98
7750,96
7751,93
7752,99
7753,97
7754,100
7755,98
7756,100
7757,97
7758,99
7759,95
7760,98
7761,100
7762,99
7763,99
7764,92
7765,89
7766,97
7767,87
7768,82
7769,98
7770,99
7771,100
7772,85
7773,84
7774,98
7775,100
7776,100
7777,100
7778,98
7779,89
7780,96
7781,96
7782,100
7783,98
7784,93
7785,94
7786,98
7787,85
7788,96
7789,97
7790,96
7791,100
7792,94
7793,99
7794,99
7795,93
7796,88
7797,95
7798,96
7799,93
7800,97
7801,89
7802,100
7803,84
7804,100
7805,94
7806,98
7807,98
7808,91
7809,99
7810,97
7811,96
7812,86
7813,98
7814,99
7815,96
7816,98
7817,100
7818,89
7819,88
7820,85
7821,93
7822,93
7823,84
7824,97
7825,94
7826,97
7827,100
7828,85
7829,88
7830,98
7831,92
7832,97
7833,99
7834,100
7835,98
7836,97
7837,98
7838,100
7839,95
7840,99
7841,96
7842,100
7843,92
7844,96
7845,99
7846,86
7847,100
7848,93
7849,95
7850,86
7851,98
7852,95
7853,87
7854,95
7855,92
7856,97
7857,100
7858,82
7859,100
7860,99
7861,97
7862,97
7863,98
7864,96
7865,99
7866,98
7867,100
7868,97
7869,94
7870,97
7871,99
7872,100
7873,83
7874,100
7875,97
7876,98
7877,97
7878,83
7879,95
7880,100
7881,97
7882,98
7883,96
7884,97
7885,99
7886,91
7887,95
7888,94
7889,84
7890,78
7891,100
7892,100
7893,86
7894,98
7895,86
7896,92
7897,89
7898,98
7899,100
7900,100
7901,99
7902,98
7903,95
7904,100
7905,98
7906,100
7907,99
7908,99
7909,93
7910,93
7911,100
7912,100
7913,92
7914,100
7915,100
7916,97
7917,97
7918,83
7919,94
7920,99
7921,89
7922,95
7923,100
7924,93
7925,94
7926,85
7927,91
7928,94
7929,93
7930,97
7931,95
7932,100
7933,98
7934,94
7935,78
7936,91
7937,98
7938,93
7939,93
7940,97
7941,99
7942,99
7943,98
7944,91
7945,93
7946,100
7947,86
7948,98
7949,95
7950,92
7951,95
7952,100
7953,90
7954,98
7955,94
7956,98
7957,99
7958,97
7959,88
7960,98
7961,95
7962,98
7963,99
7964,95
7965,98
7966,93
7967,99
7968,93
7969,96
7970,99
7971,98
7972,100
7973,98
7974,100
7975,93
7976,100
7977,98
7978,96
7979,81
7980,95
7981,100
7982,94
7983,100
7984,95
7985,100
7986,97
7987,96
7988,100
7989,95
7990,96
7991,91
7992,96
7993,84
7994,99
7995,71
7996,95
7997,86
7998,92
7999,99
8000,99
8001,91
8002,94
8003,99
8004,97
8005,100
8006,99
8007,95
8008,99
8009,98
8010,91
8011,100
8012,96
8013,99
8014,96
8015,97
8016,97
8017,97
8018,98
8019,84
8020,96
8021,92
8022,95
8023,98
8024,98
8025,98
8026,85
8027,91
8028,97
8029,99
8030,81
8031,96
8032,98
8033,99
8034,99
8035,100
8036,90
8037,87
8038,98
8039,85
8040,93
8041,100
8042,95
8043,99
8044,97
8045,100
8046,89
8047,95
8048,99
8049,93
8050,96
8051,100
8052,95
8053,100
8054,91
8055,99
8056,81
8057,91
8058,100
8059,97
8060,88
8061,93
8062,98
8063,98
8064,92
8065,91
8066,93
8067,95
8068,87
8069,100
8070,100
8071,92
8072,93
8073,100
8074,100
8075,98
8076,97
8077,93
8078,96
8079,90
8080,100
8081,95
8082,98
8083,96
8084,99
8085,91
8086,94
8087,94
8088,99
8089,97
8090,95
8091,95
8092,100
8093,97
8094,98
8095,100
8096,97
8097,97
8098,97
8099,96
8100,78
8101,98
8102,99
8103,89
8104,100
8105,98
8106,95
8107,97
8108,94
8109,100
8110,98
8111,92
8112,97
8113,99
8114,91
8115,90
8116,100
8117,96
8118,98
8119,96
8120,92
8121,87
8122,83
8123,88
8124,100
8125,89
8126,95
8127,94
8128,96
8129,93
8130,100
8131,100
8132,95
8133,83
8134,99
8135,99
8136,99
8137,97
8138,92
8139,99
8140,98
8141,96
8142,99
8143,99
8144,96
8145,100
8146,98
8147,99
8148,94
8149,100
8150,100
8151,98
8152,95
8153,97
8154,79
8155,98
8156,98
8157,90
8158,98
8159,91
8160,98
8161,76
8162,98
8163,79
8164,90
8165,100
8166,88
8167,99
8168,92
8169,80
8170,100
8171,100
8172,96
8173,95
8174,86
8175,97
8176,83
8177,96
8178,99
8179,94
8180,98
8181,100
8182,95
8183,94
8184,97
8185,97
8186,83
8187,93
8188,98
8189,100
8190,100
8191,95
8192,98
8193,96
8194,88
8195,100
8196,91
8197,97
8198,96
8199,93
8200,100
8201,88
8202,99
8203,98
8204,99
8205,97
8206,91
8207,94
8208,100
8209,82
8210,97
8211,99
8212,97
8213,98
8214,87
8215,89
8216,87
8217,97
8218,95
8219,95
8220,97
8221,100
8222,100
8223,100
8224,92
8225,100
8226,98
8227,99
8228,99
8229,98
8230,91
8231,90
8232,92
8233,99
8234,94
8235,100
8236,95
8237,99
8238,100
8239,92
8240,96
8241,89
8242,94
8243,95
8244,100
8245,99
8246,98
8247,99
8248,100
8249,93
8250,100
8251,94
8252,83
8253,99
8254,98
8255,99
8256,100
8257,95
8258,96
8259,100
8260,99
8261,99
8262,100
8263,77
8264,98
8265,99
8266,92
8267,90
8268,100
8269,89
8270,94
8271,98
8272,79
8273,94
8274,100
8275,100
8276,98
8277,98
8278,98
8279,92
8280,96
8281,99
8282,73
8283,97
8284,97
8285,88
8286,99
8287,97
8288,98
8289,96
8290,96
8291,88
8292,96
8293,99
8294,82
8295,95
8296,97
8297,94
8298,98
8299,95
8300,94
8301,98
8302,98
8303,82
8304,100
8305,92
8306,86
8307,93
8308,96
8309,83
8310,79
8311,86
8312,95
8313,98
8314,97
8315,100
8316,99
8317,75
8318,98
8319,95
8320,100
8321,90
8322,97
8323,98
8324,93
8325,99
8326,93
8327,95
8328,99
8329,99
8330,84
8331,92
8332,93
8333,95
8334,99
8335,95
8336,98
8337,100
8338,97
8339,95
8340,94
8341,96
8342,89
8343,96
8344,99
8345,92
8346,99
8347,100
8348,92
8349,94
8350,98
8351,92
8352,95
8353,100
8354,96
8355,100
8356,81
8357,99
8358,88
8359,94
8360,96
8361,95
8362,88
8363,100
8364,74
8365,89
8366,90
8367,94
8368,92
8369,96
8370,91
8371,98
8372,100
8373,100
8374,94
8375,95
8376,97
8377,100
8378,86
8379,98
8380,93
8381,96
8382,96
8383,96
8384,90
8385,100
8386,86
8387,99
8388,96
8389,92
8390,98
8391,97
8392,100
8393,96
8394,82
8395,95
8396,97
8397,95
8398,98
8399,94
8400,98
8401,100
8402,100
8403,98
8404,98
8405,96
8406,94
8407,94
8408,98
8409,99
8410,97
8411,96
8412,100
8413,100
8414,97
8415,97
8416,98
8417,95
8418,87
8419,95
8420,99
8421,87
8422,97
8423,93
8424,98
8425,93
8426,96
8427,96
8428,88
8429,78
8430,96
8431,99
8432,88
8433,98
8434,93
8435,96
8436,89
8437,96
8438,90
8439,94
8440,99
8441,98
8442,98
8443,99
8444,95
8445,99
8446,98
8447,99
8448,86
8449,97
8450,91
8451,100
8452,100
8453,100
8454,98
8455,97
8456,85
8457,93
8458,100
8459,100
8460,91
8461,100
8462,100
8463,100
8464,92
8465,94
8466,94
8467,99
8468,96
8469,95
8470,93
8471,100
8472,90
8473,99
8474,97
8475,100
8476,100
8477,97
8478,95
8479,91
8480,94
8481,95
8482,86
8483,96
8484,95
8485,99
8486,87
8487,82
8488,90
8489,99
8490,95
8491,91
8492,98
8493,93
8494,95
8495,83
8496,98
8497,100
8498,96
8499,100
8500,99
8501,97
8502,90
8503,100
8504,95
8505,96
8506,99
8507,94
8508,98
8509,91
8510,97
8511,96
8512,90
8513,99
8514,97
8515,80
8516,97
8517,99
8518,100
8519,100
8520,100
8521,99
8522,99
8523,98
8524,96
8525,98
8526,100
8527,83
8528,99
8529,96
8530,98
8531,100
8532,95
8533,95
8534,97
8535,100
8536,92
8537,92
8538,97
8539,91
8540,95
8541,85
8542,100
8543,85
8544,84
8545,85
8546,79
8547,93
8548,100
8549,99
8550,95
8551,89
8552,100
8553,100
8554,95
8555,87
8556,99
8557,90
8558,97
8559,99
8560,100
8561,95
8562,87
8563,97
8564,100
8565,92
8566,99
8567,94
8568,100
8569,94
8570,94
8571,97
8572,93
8573,88
8574,98
8575,95
8576,77
8577,99
8578,92
8579,100
8580,96
8581,96
8582,100
8583,94
8584,98
8585,95
8586,97
8587,99
8588,96
8589,98
8590,100
8591,100
8592,96
8593,81
8594,100
8595,90
8596,98
8597,93
8598,99
8599,90
8600,98
8601,88
8602,99
8603,100
8604,99
8605,99
8606,93
8607,100
8608,100
8609,98
8610,97
8611,96
8612,91
8613,100
8614,100
8615,99
8616,94
8617,98
8618,96
8619,100
8620,93
8621,99
8622,100
8623,90
8624,100
8625,98
8626,99
8627,98
8628,100
8629,89
8630,99
8631,90
8632,91
8633,97
8634,100
8635,95
8636,95
8637,100
8638,99
8639,98
8640,100
8641,100
8642,96
8643,99
8644,84
8645,89
8646,88
8647,99
8648,98
8649,98
8650,95
8651,99
8652,91
8653,98
8654,100
8655,88
8656,99
8657,100
8658,95
8659,91
8660,99
8661,97
8662,94
8663,92
8664,98
8665,100
8666,100
8667,100
8668,99
8669,99
8670,91
8671,98
8672,92
8673,97
8674,94
8675,88
8676,84
8677,83
8678,94
8679,88
8680,97
8681,100
8682,86
8683,94
8684,96
8685,99
8686,86
8687,94
8688,91
8689,100
8690,98
8691,92
8692,87
8693,92
8694,97
8695,95
8696,97
8697,100
8698,94
8699,98
8700,93
8701,100
8702,94
8703,99
8704,99
8705,100
8706,98
8707,94
8708,100
8709,99
8710,98
8711,99
8712,79
8713,98
8714,100
8715,88
8716,98
8717,99
8718,100
8719,100
8720,86
8721,97
8722,97
8723,99
8724,99
8725,97
8726,100
8727,98
8728,100
8729,83
8730,92
8731,93
8732,100
8733,94
8734,100
8735,97
8736,100
8737,100
8738,100
8739,92
8740,89
8741,96
8742,100
8743,91
8744,94
8745,94
8746,90
8747,98
8748,96
8749,95
8750,86
8751,99
8752,93
8753,89
8754,93
8755,80
8756,95
8757,99
8758,100
8759,93
8760,100
8761,88
8762,98
8763,92
8764,98
8765,93
8766,100
8767,94
8768,95
8769,91
8770,98
8771,97
8772,100
8773,84
8774,100
8775,94
8776,97
8777,96
8778,82
8779,82
8780,100
8781,98
8782,100
8783,87
8784,91
8785,100
8786,99
8787,94
8788,94
8789,91
8790,97
8791,95
8792,83
8793,97
8794,97
8795,84
8796,94
8797,93
8798,99
8799,96
8800,94
8801,97
8802,83
8803,99
8804,98
8805,92
8806,96
8807,94
8808,100
8809,93
8810,100
8811,95
8812,95
8813,95
8814,98
8815,90
8816,95
8817,95
8818,98
8819,89
8820,93
8821,100
8822,78
8823,98
8824,100
8825,100
8826,100
8827,97
8828,100
8829,95
8830,88
8831,98
8832,95
8833,98
8834,94
8835,93
8836,92
8837,99
8838,100
8839,98
8840,94
8841,99
8842,100
8843,90
8844,100
8845,90
8846,94
8847,96
8848,97
8849,99
8850,90
8851,87
8852,100
8853,95
8854,88
8855,92
8856,89
8857,80
8858,87
8859,96
8860,98
8861,94
8862,100
8863,96
8864,100
8865,95
8866,99
8867,91
8868,99
8869,94
8870,88
8871,88
8872,95
8873,95
8874,83
8875,95
8876,100
8877,96
8878,99
8879,99
8880,98
8881,98
8882,98
8883,96
8884,90
8885,99
8886,97
8887,93
8888,88
8889,94
8890,100
8891,94
8892,95
8893,87
8894,98
8895,94
8896,91
8897,100
8898,100
8899,86
8900,96
8901,99
8902,96
8903,87
8904,98
8905,100
8906,100
8907,98
8908,98
8909,99
8910,98
8911,94
8912,95
8913,94
8914,100
8915,97
8916,96
8917,99
8918,98
8919,96
8920,97
8921,97
8922,92
8923,95
8924,95
8925,99
8926,83
8927,99
8928,100
8929,98
8930,98
8931,96
8932,87
8933,83
8934,91
8935,94
8936,100
8937,95
8938,99
8939,98
8940,93
8941,96
8942,95
8943,99
8944,100
8945,97
8946,99
8947,88
8948,95
8949,99
8950,98
8951,99
8952,93
8953,98
8954,85
8955,97
8956,100
8957,91
8958,94
8959,97
8960,100
8961,98
8962,100
8963,98
8964,87
8965,89
8966,93
8967,96
8968,92
8969,100
8970,93
8971,96
8972,95
8973,94
8974,100
8975,99
8976,94
8977,100
8978,98
8979,78
8980,100
8981,98
8982,99
8983,99
8984,97
8985,91
8986,89
8987,98
8988,91
8989,94
8990,95
8991,100
8992,99
8993,96
8994,92
8995,97
8996,93
8997,99
8998,97
8999,95
9000,93
9001,97
9002,98
9003,100
9004,95
9005,85
9006,94
9007,98
9008,88
9009,100
9010,86
9011,93
9012,98
9013,99
9014,97
9015,99
9016,86
9017,96
9018,88
9019,97
9020,96
9021,99
9022,100
9023,88
9024,89
9025,98
9026,98
9027,99
9028,99
9029,96
9030,79
9031,99
9032,94
9033,97
9034,91
9035,98
9036,99
9037,96
9038,98
9039,100
9040,98
9041,96
9042,93
9043,100
9044,97
9045,89
9046,84
9047,100
9048,99
9049,98
9050,95
9051,100
9052,99
9053,95
9054,99
9055,80
9056,91
9057,84
9058,93
9059,99
9060,86
9061,98
9062,98
9063,87
9064,97
9065,100
9066,97
9067,98
9068,94
9069,99
9070,86
9071,99
9072,92
9073,97
9074,97
9075,97
9076,100
9077,83
9078,98
9079,95
9080,89
9081,97
9082,96
9083,98
9084,97
9085,98
9086,98
9087,99
9088,99
9089,91
9090,100
9091,100
9092,96
9093,99
9094,93
9095,100
9096,97
9097,86
9098,97
9099,97
9100,94
9101,94
9102,94
9103,95
9104,92
9105,95
9106,100
9107,95
9108,91
9109,100
9110,95
9111,98
9112,88
9113,97
9114,97
9115,98
9116,97
9117,99
9118,99
9119,99
9120,96
9121,88
9122,95
9123,93
9124,97
9125,97
9126,97
9127,98
9128,100
9129,92
9130,91
9131,99
9132,98
9133,95
9134,96
9135,98
9136,100
9137,91
9138,98
9139,99
9140,96
9141,99
9142,99
9143,100
9144,100
9145,98
9146,99
9147,100
9148,90
9149,88
9150,95
9151,91
9152,97
9153,98
9154,94
9155,97
9156,94
9157,100
9158,92
9159,95
9160,100
9161,99
9162,85
9163,100
9164,94
9165,99
9166,98
9167,100
9168,99
9169,100
9170,99
9171,95
9172,100
9173,97
9174,99
9175,100
9176,100
9177,99
9178,91
9179,94
9180,100
9181,99
9182,95
9183,95
9184,97
9185,84
9186,100
9187,89
9188,96
9189,95
9190,93
9191,86
9192,98
9193,95
9194,94
9195,95
9196,99
9197,100
9198,92
9199,98
9200,98
9201,98
9202,97
9203,98
9204,100
9205,91
9206,100
9207,100
9208,92
9209,97
9210,100
9211,95
9212,92
9213,100
9214,95
9215,93
9216,86
9217,98
9218,100
9219,99
9220,99
9221,97
9222,100
9223,97
9224,89
9225,94
9226,87
9227,95
9228,100
9229,93
9230,100
9231,98
9232,99
9233,88
9234,94
9235,94
9236,97
9237,98
9238,94
9239,91
9240,100
9241,98
9242,75
9243,76
9244,97
9245,100
9246,93
9247,100
9248,97
9249,97
9250,100
9251,94
9252,96
9253,98
9254,92
9255,99
9256,97
9257,92
9258,91
9259,94
9260,97
9261,98
9262,100
9263,96
9264,99
9265,97
9266,96
9267,92
9268,97
9269,98
9270,98
9271,100
9272,100
9273,93
9274,80
9275,100
9276,98
9277,97
9278,96
9279,93
9280,95
9281,98
9282,100
9283,96
9284,99
9285,91
9286,96
9287,96
9288,94
9289,90
9290,94
9291,98
9292,100
9293,88
9294,95
9295,96
9296,96
9297,88
9298,100
9299,99
9300,98
9301,92
9302,97
9303,98
9304,100
9305,85
9306,94
9307,97
9308,83
9309,78
9310,98
9311,100
9312,92
9313,95
9314,91
9315,97
9316,99
9317,89
9318,98
9319,89
9320,98
9321,98
9322,89
9323,86
9324,96
9325,93
9326,100
9327,99
9328,100
9329,97
9330,94
9331,93
9332,93
9333,95
9334,100
9335,100
9336,96
9337,80
9338,91
9339,94
9340,97
9341,100
9342,100
9343,99
9344,98
9345,98
9346,93
9347,92
9348,98
9349,93
9350,100
9351,97
9352,98
9353,100
9354,97
9355,94
9356,99
9357,95
9358,98
9359,92
9360,100
9361,98
9362,99
9363,92
9364,91
9365,99
9366,97
9367,96
9368,100
9369,100
9370,100
9371,97
9372,96
9373,94
9374,93
9375,100
9376,81
9377,95
9378,86
9379,97
9380,94
9381,90
9382,93
9383,99
9384,96
9385,95
9386,95
9387,99
9388,93
9389,87
9390,97
9391,99
9392,83
9393,100
9394,88
9395,100
9396,93
9397,86
9398,100
9399,93
9400,99
9401,87
9402,93
9403,81
9404,99
9405,99
9406,95
9407,99
9408,97
9409,92
9410,87
9411,97
9412,91
9413,98
9414,94
9415,98
9416,91
9417,93
9418,96
9419,97
9420,100
9421,97
9422,88
9423,88
9424,100
9425,93
9426,98
9427,94
9428,96
9429,98
9430,99
9431,99
9432,93
9433,83
9434,89
9435,94
9436,83
9437,100
9438,91
9439,98
9440,100
9441,95
9442,100
9443,94
9444,92
9445,90
9446,100
9447,98
9448,100
9449,94
9450,93
9451,97
9452,92
9453,95
9454,97
9455,98
9456,97
9457,94
9458,96
9459,100
9460,95
9461,80
9462,97
9463,100
9464,89
9465,98
9466,100
9467,99
9468,99
9469,100
9470,93
9471,100
9472,92
9473,97
9474,95
9475,92
9476,100
9477,100
9478,98
9479,96
9480,96
9481,95
9482,95
9483,99
9484,98
9485,95
9486,100
9487,98
9488,99
9489,93
9490,99
9491,99
9492,93
9493,99
9494,99
9495,85
9496,97
9497,99
9498,97
9499,100
9500,96
9501,98
9502,98
9503,100
9504,95
9505,80
9506,95
9507,92
9508,93
9509,84
9510,94
9511,100
9512,98
9513,98
9514,99
9515,100
9516,88
9517,99
9518,98
9519,94
9520,89
9521,99
9522,77
9523,89
9524,100
9525,97
9526,98
9527,93
9528,98
9529,97
9530,94
9531,90
9532,92
9533,90
9534,92
9535,100
9536,96
9537,88
9538,98
9539,97
9540,100
9541,97
9542,92
9543,86
9544,97
9545,95
9546,98
9547,90
9548,96
9549,93
9550,95
9551,100
9552,96
9553,98
9554,99
9555,99
9556,99
9557,100
9558,98
9559,93
9560,97
9561,94
9562,95
9563,88
9564,99
9565,97
9566,99
9567,100
9568,86
9569,100
9570,89
9571,100
9572,93
9573,99
9574,96
9575,96
9576,89
9577,100
9578,98
9579,97
9580,100
9581,94
9582,85
9583,100
9584,94
9585,98
9586,97
9587,98
9588,95
9589,100
9590,94
9591,98
9592,92
9593,94
9594,99
9595,91
9596,97
9597,92
9598,97
9599,99
9600,97
9601,99
9602,93
9603,99
9604,100
9605,98
9606,98
9607,100
9608,100
9609,93
9610,98
9611,100
9612,100
9613,99
9614,94
9615,100
9616,99
9617,94
9618,92
9619,97
9620,99
9621,80
9622,100
9623,99
9624,100
9625,96
9626,100
9627,94
9628,98
9629,100
9630,90
9631,98
9632,100
9633,100
9634,95
9635,100
9636,98
9637,88
9638,86
9639,100
9640,93
9641,90
9642,99
9643,100
9644,80
9645,98
9646,97
9647,85
9648,100
9649,100
9650,92
9651,97
9652,90
9653,97
9654,93
9655,79
9656,96
9657,96
9658,95
9659,97
9660,98
9661,99
9662,92
9663,78
9664,80
9665,100
9666,98
9667,98
9668,99
9669,97
9670,98
9671,100
9672,100
9673,97
9674,91
9675,87
9676,97
9677,97
9678,97
9679,100
9680,99
9681,95
9682,99
9683,99
9684,89
9685,87
9686,95
9687,94
9688,92
9689,94
9690,94
9691,90
9692,99
9693,96
9694,88
9695,98
9696,90
9697,100
9698,93
9699,98
9700,97
9701,100
9702,98
9703,93
9704,99
9705,99
9706,94
9707,95
9708,92
9709,98
9710,95
9711,92
9712,96
9713,97
9714,90
9715,96
9716,97
9717,100
9718,89
9719,100
9720,95
9721,84
9722,100
9723,93
9724,100
9725,98
9726,98
9727,87
9728,98
9729,96
9730,94
9731,100
9732,98
9733,97
9734,98
9735,95
9736,98
9737,83
9738,100
9739,95
9740,95
9741,100
9742,100
9743,99
9744,89
9745,100
9746,97
9747,90
9748,100
9749,92
9750,100
9751,99
9752,97
9753,89
9754,97
9755,99
9756,100
9757,99
9758,98
9759,94
9760,94
9761,73
9762,97
9763,92
9764,92
9765,96
9766,89
9767,90
9768,93
9769,96
9770,97
9771,100
9772,97
9773,99
9774,91
9775,100
9776,90
9777,96
9778,96
9779,98
9780,88
9781,95
9782,91
9783,91
9784,98
9785,94
9786,99
9787,98
9788,99
9789,99
9790,84
9791,99
9792,97
9793,99
9794,100
9795,99
9796,92
9797,93
9798,100
9799,93
9800,99
9801,98
9802,97
9803,94
9804,98
9805,97
9806,85
9807,96
9808,92
9809,61
9810,98
9811,94
9812,77
9813,91
9814,77
9815,93
9816,87
9817,99
9818,90
9819,99
9820,96
9821,98
9822,92
9823,94
9824,99
9825,99
9826,81
9827,96
9828,93
9829,94
9830,94
9831,96
9832,99
9833,98
9834,100
9835,97
9836,100
9837,91
9838,96
9839,99
9840,97
9841,95
9842,95
9843,93
9844,98
9845,97
9846,87
9847,95
9848,97
9849,96
9850,83
9851,100
9852,100
9853,95
9854,98
9855,99
9856,90
9857,98
9858,93
9859,96
9860,88
9861,100
9862,97
9863,98
9864,97
9865,93
9866,83
9867,100
9868,100
9869,100
9870,86
9871,96
9872,99
9873,90
9874,95
9875,87
9876,98
9877,97
9878,100
9879,100
9880,98
9881,97
9882,96
9883,100
9884,100
9885,95
9886,99
9887,100
9888,89
9889,97
9890,98
9891,96
9892,100
9893,94
9894,83
9895,92
9896,99
9897,94
9898,86
9899,76
9900,87
9901,98
9902,94
9903,98
9904,89
9905,84
9906,100
9907,98
9908,99
9909,96
9910,99
9911,100
9912,97
9913,100
9914,89
9915,92
9916,99
9917,100
9918,92
9919,91
9920,98
9921,95
9922,98
9923,99
9924,99
9925,99
9926,97
9927,98
9928,95
9929,98
9930,100
9931,91
9932,83
9933,98
9934,99
9935,100
9936,96
9937,99
9938,100
9939,98
9940,94
9941,100
9942,100
9943,97
9944,96
9945,99
9946,99
9947,99
9948,96
9949,100
9950,97
9951,92
9952,97
9953,98
9954,98
9955,99
9956,98
9957,93
9958,92
9959,97
9960,96
9961,98
9962,98
9963,100
9964,99
9965,91
9966,100
9967,99
9968,93
9969,100
9970,100
9971,99
9972,96
9973,96
9974,93
9975,98
9976,100
9977,96
9978,100
9979,98
9980,99
9981,85
9982,100
9983,94
9984,90
9985,94
9986,98
9987,100
9988,95
9989,99
9990,94
9991,92
9992,95
9993,97
9994,98
9995,95
9996,100
9997,97
9998,100
9999,91
10000,92
