game_number,num_moves
1,99
2,96
3,99
4,97
5,98
6,100
7,95
8,99
9,89
10,100
11,99
12,94
13,97
14,83
15,89
16,100
17,97
18,98
19,100
20,100
21,98
22,96
23,98
24,97
25,94
26,96
27,98
28,90
29,97
30,99
31,89
32,100
33,94
34,94
35,95
36,99
37,83
38,93
39,100
40,93
41,100
42,98
43,94
44,96
45,99
46,85
47,89
48,92
49,100
50,89
51,100
52,94
53,99
54,98
55,99
56,100
57,100
58,95
59,100
60,99
61,89
62,92
63,93
64,100
65,97
66,92
67,97
68,91
69,98
70,96
71,100
72,86
73,99
74,96
75,99
76,99
77,96
78,98
79,96
80,96
81,98
82,98
83,100
84,97
85,100
86,96
87,99
88,100
89,89
90,91
91,92
92,99
93,96
94,100
95,100
96,89
97,97
98,95
99,100
100,100
101,98
102,100
103,95
104,99
105,94
106,100
107,98
108,98
109,98
110,99
111,98
112,99
113,97
114,92
115,98
116,90
117,97
118,96
119,74
120,90
121,99
122,86
123,98
124,99
125,100
126,92
127,98
128,91
129,89
130,98
131,97
132,98
133,87
134,95
135,98
136,90
137,92
138,98
139,97
140,92
141,100
142,99
143,89
144,76
145,94
146,94
147,98
148,91
149,93
150,97
151,92
152,96
153,92
154,99
155,100
156,100
157,92
158,97
159,92
160,100
161,100
162,91
163,94
164,87
165,99
166,96
167,100
168,96
169,89
170,97
171,100
172,100
173,97
174,98
175,99
176,98
177,100
178,95
179,100
180,100
181,97
182,93
183,94
184,90
185,100
186,98
187,100
188,99
189,100
190,94
191,78
192,100
193,100
194,100
195,93
196,100
197,95
198,98
199,100
200,88
201,92
202,98
203,96
204,94
205,98
206,87
207,94
208,98
209,96
210,85
211,96
212,100
213,96
214,96
215,89
216,98
217,95
218,96
219,100
220,97
221,100
222,97
223,90
224,99
225,99
226,98
227,100
228,93
229,99
230,95
231,91
232,98
233,90
234,99
235,94
236,98
237,99
238,98
239,94
240,98
241,98
242,95
243,97
244,93
245,92
246,100
247,100
248,100
249,98
250,93
251,85
252,100
253,92
254,87
255,94
256,92
257,99
258,98
259,93
260,97
261,100
262,100
263,100
264,96
265,85
266,100
267,100
268,100
269,89
270,100
271,99
272,98
273,97
274,93
275,87
276,97
277,97
278,95
279,100
280,95
281,96
282,100
283,100
284,94
285,90
286,90
287,100
288,95
289,90
290,94
291,96
292,80
293,100
294,88
295,96
296,93
297,98
298,95
299,98
300,94
301,86
302,95
303,86
304,95
305,99
306,93
307,97
308,89
309,96
310,100
311,93
312,87
313,98
314,99
315,100
316,98
317,100
318,96
319,98
320,81
321,91
322,99
323,97
324,84
325,97
326,96
327,79
328,96
329,94
330,99
331,99
332,98
333,98
334,95
335,99
336,100
337,98
338,83
339,95
340,100
341,100
342,100
343,85
344,98
345,97
346,98
347,81
348,91
349,98
350,98
351,95
352,96
353,94
354,99
355,90
356,96
357,100
358,98
359,100
360,94
361,98
362,95
363,99
364,95
365,92
366,92
367,99
368,94
369,95
370,99
371,100
372,98
373,99
374,99
375,99
376,94
377,99
378,99
379,89
380,100
381,79
382,92
383,88
384,99
385,97
386,95
387,82
388,98
389,94
390,100
391,100
392,100
393,98
394,98
395,91
396,100
397,96
398,97
399,99
400,93
401,100
402,94
403,94
404,93
405,99
406,99
407,98
408,79
409,99
410,100
411,95
412,99
413,95
414,95
415,100
416,97
417,97
418,79
419,96
420,100
421,97
422,92
423,91
424,84
425,100
426,98
427,99
428,93
429,99
430,97
431,97
432,96
433,85
434,88
435,98
436,99
437,94
438,90
439,96
440,83
441,96
442,89
443,80
444,100
445,99
446,96
447,94
448,91
449,98
450,99
451,97
452,87
453,89
454,96
455,96
456,100
457,95
458,95
459,95
460,97
461,98
462,98
463,99
464,92
465,94
466,97
467,94
468,97
469,99
470,96
471,98
472,100
473,89
474,96
475,98
476,98
477,87
478,99
479,97
480,96
481,93
482,97
483,100
484,99
485,86
486,90
487,100
488,88
489,89
490,99
491,96
492,89
493,98
494,96
495,76
496,88
497,100
498,82
499,100
500,91
501,96
502,97
503,99
504,98
505,93
506,100
507,99
508,99
509,93
510,94
511,95
512,98
513,78
514,100
515,98
516,96
517,100
518,96
519,97
520,86
521,94
522,98
523,99
524,98
525,94
526,96
527,99
528,95
529,99
530,96
531,94
532,98
533,93
534,98
535,89
536,100
537,100
538,99
539,98
540,89
541,95
542,99
543,83
544,89
545,96
546,97
547,84
548,96
549,98
550,96
551,99
552,100
553,87
554,79
555,95
556,93
557,99
558,99
559,96
560,96
561,96
562,96
563,98
564,98
565,100
566,96
567,98
568,98
569,97
570,93
571,94
572,96
573,98
574,96
575,90
576,94
577,98
578,99
579,95
580,96
581,83
582,100
583,100
584,100
585,100
586,99
587,98
588,90
589,100
590,88
591,98
592,100
593,94
594,100
595,89
596,98
597,95
598,100
599,91
600,88
601,93
602,97
603,98
604,98
605,100
606,98
607,94
608,96
609,100
610,95
611,100
612,99
613,98
614,94
615,96
616,100
617,100
618,90
619,99
620,99
621,88
622,91
623,98
624,90
625,95
626,86
627,91
628,99
629,97
630,88
631,91
632,90
633,98
634,99
635,96
636,99
637,97
638,87
639,99
640,96
641,97
642,100
643,93
644,94
645,99
646,92
647,100
648,94
649,92
650,99
651,86
652,99
653,100
654,98
655,86
656,88
657,99
658,96
659,97
660,96
661,99
662,99
663,96
664,100
665,100
666,100
667,100
668,94
669,99
670,91
671,88
672,95
673,98
674,100
675,98
676,94
677,100
678,87
679,98
680,97
681,96
682,96
683,79
684,100
685,87
686,100
687,95
688,100
689,96
690,89
691,89
692,94
693,95
694,98
695,97
696,96
697,100
698,99
699,100
700,84
701,100
702,97
703,98
704,90
705,100
706,88
707,92
708,99
709,86
710,98
711,97
712,99
713,97
714,97
715,99
716,98
717,87
718,89
719,100
720,98
721,96
722,99
723,96
724,94
725,92
726,96
727,75
728,100
729,97
730,97
731,92
732,98
733,98
734,86
735,96
736,99
737,92
738,97
739,99
740,100
741,96
742,96
743,100
744,85
745,89
746,100
747,95
748,94
749,79
750,98
751,90
752,98
753,94
754,100
755,95
756,100
757,100
758,95
759,90
760,98
761,99
762,99
763,100
764,94
765,94
766,84
767,97
768,97
769,100
770,95
771,94
772,99
773,90
774,87
775,94
776,99
777,97
778,95
779,100
780,99
781,94
782,93
783,99
784,90
785,100
786,96
787,99
788,100
789,98
790,100
791,93
792,97
793,92
794,94
795,97
796,100
797,98
798,100
799,100
800,95
801,96
802,99
803,89
804,100
805,92
806,88
807,99
808,97
809,98
810,96
811,90
812,81
813,87
814,93
815,97
816,97
817,85
818,94
819,95
820,100
821,99
822,95
823,92
824,97
825,96
826,100
827,90
828,100
829,93
830,99
831,95
832,98
833,100
834,94
835,94
836,96
837,97
838,96
839,99
840,100
841,96
842,94
843,99
844,98
845,95
846,100
847,97
848,97
849,97
850,100
851,99
852,100
853,98
854,98
855,96
856,97
857,98
858,95
859,100
860,98
861,93
862,100
863,94
864,100
865,95
866,100
867,100
868,98
869,88
870,100
871,83
872,92
873,94
874,82
875,93
876,99
877,100
878,99
879,88
880,100
881,95
882,100
883,100
884,94
885,95
886,98
887,98
888,100
889,97
890,100
891,98
892,98
893,93
894,94
895,99
896,93
897,97
898,100
899,99
900,96
901,98
902,100
903,100
904,100
905,95
906,100
907,96
908,79
909,95
910,91
911,99
912,97
913,88
914,92
915,97
916,99
917,99
918,98
919,99
920,100
921,90
922,100
923,100
924,90
925,94
926,96
927,95
928,99
929,95
930,97
931,90
932,96
933,94
934,84
935,99
936,96
937,100
938,100
939,93
940,79
941,100
942,100
943,89
944,96
945,92
946,83
947,88
948,100
949,97
950,90
951,95
952,89
953,97
954,96
955,96
956,98
957,84
958,96
959,90
960,83
961,98
962,98
963,98
964,99
965,98
966,99
967,100
968,91
969,97
970,95
971,100
972,98
973,100
974,99
975,85
976,100
977,100
978,87
979,93
980,99
981,96
982,100
983,86
984,92
985,85
986,95
987,100
988,93
989,99
990,98
991,94
992,96
993,100
994,99
995,97
996,97
997,88
998,98
999,91
1000,98
1001,99
1002,95
1003,98
1004,98
1005,98
1006,67
1007,94
1008,93
1009,98
1010,99
1011,84
1012,98
1013,92
1014,95
1015,99
1016,92
1017,97
1018,94
1019,95
1020,89
1021,98
1022,96
1023,95
1024,98
1025,99
1026,98
1027,97
1028,99
1029,100
1030,98
1031,90
1032,82
1033,100
1034,100
1035,89
1036,96
1037,98
1038,91
1039,96
1040,94
1041,98
1042,98
1043,96
1044,93
1045,86
1046,99
1047,90
1048,88
1049,92
1050,99
1051,85
1052,89
1053,87
1054,100
1055,94
1056,90
1057,98
1058,99
1059,98
1060,99
1061,98
1062,97
1063,100
1064,99
1065,98
1066,92
1067,99
1068,96
1069,88
1070,92
1071,98
1072,86
1073,94
1074,99
1075,100
1076,98
1077,93
1078,92
1079,100
1080,91
1081,99
1082,84
1083,100
1084,95
1085,97
1086,98
1087,97
1088,99
1089,93
1090,98
1091,100
1092,96
1093,98
1094,100
1095,96
1096,99
1097,96
1098,89
1099,94
1100,98
1101,96
1102,94
1103,99
1104,98
1105,99
1106,98
1107,100
1108,96
1109,98
1110,98
1111,98
1112,97
1113,82
1114,97
1115,80
1116,99
1117,98
1118,97
1119,100
1120,90
1121,99
1122,89
1123,95
1124,100
1125,94
1126,98
1127,98
1128,98
1129,100
1130,100
1131,88
1132,99
1133,98
1134,71
1135,91
1136,98
1137,98
1138,92
1139,100
1140,93
1141,98
1142,98
1143,97
1144,98
1145,96
1146,96
1147,94
1148,82
1149,85
1150,86
1151,98
1152,97
1153,94
1154,100
1155,83
1156,76
1157,95
1158,96
1159,82
1160,99
1161,100
1162,84
1163,99
1164,95
1165,97
1166,99
1167,97
1168,100
1169,92
1170,95
1171,87
1172,97
1173,97
1174,94
1175,98
1176,97
1177,77
1178,85
1179,82
1180,88
1181,100
1182,89
1183,95
1184,89
1185,99
1186,100
1187,100
1188,92
1189,99
1190,100
1191,95
1192,99
1193,96
1194,97
1195,98
1196,100
1197,93
1198,100
1199,96
1200,94
1201,92
1202,98
1203,100
1204,86
1205,94
1206,94
1207,97
1208,91
1209,95
1210,95
1211,98
1212,98
1213,93
1214,99
1215,99
1216,95
1217,88
1218,95
1219,97
1220,99
1221,97
1222,97
1223,95
1224,97
1225,96
1226,100
1227,99
1228,100
1229,91
1230,100
1231,92
1232,97
1233,100
1234,99
1235,91
1236,99
1237,96
1238,98
1239,100
1240,96
1241,97
1242,100
1243,98
1244,83
1245,97
1246,92
1247,95
1248,97
1249,100
1250,99
1251,99
1252,98
1253,86
1254,89
1255,77
1256,98
1257,96
1258,97
1259,90
1260,100
1261,100
1262,100
1263,97
1264,80
1265,98
1266,95
1267,91
1268,90
1269,98
1270,97
1271,91
1272,77
1273,95
1274,75
1275,100
1276,98
1277,98
1278,92
1279,100
1280,93
1281,99
1282,96
1283,95
1284,82
1285,78
1286,87
1287,88
1288,94
1289,78
1290,100
1291,94
1292,99
1293,96
1294,96
1295,99
1296,98
1297,85
1298,93
1299,97
1300,100
1301,90
1302,97
1303,95
1304,99
1305,85
1306,100
1307,96
1308,97
1309,99
1310,97
1311,100
1312,91
1313,98
1314,99
1315,91
1316,97
1317,89
1318,95
1319,95
1320,93
1321,85
1322,92
1323,81
1324,98
1325,99
1326,91
1327,96
1328,99
1329,89
1330,97
1331,99
1332,97
1333,94
1334,91
1335,90
1336,97
1337,99
1338,96
1339,87
1340,100
1341,90
1342,93
1343,97
1344,97
1345,96
1346,100
1347,99
1348,98
1349,91
1350,100
1351,99
1352,94
1353,98
1354,95
1355,99
1356,88
1357,99
1358,96
1359,99
1360,93
1361,96
1362,99
1363,100
1364,89
1365,99
1366,89
1367,97
1368,94
1369,88
1370,97
1371,99
1372,95
1373,93
1374,96
1375,83
1376,98
1377,98
1378,94
1379,97
1380,91
1381,90
1382,100
1383,92
1384,100
1385,100
1386,90
1387,94
1388,89
1389,100
1390,99
1391,100
1392,93
1393,94
1394,87
1395,100
1396,100
1397,90
1398,94
1399,99
1400,84
1401,94
1402,93
1403,89
1404,98
1405,100
1406,100
1407,95
1408,95
1409,97
1410,99
1411,89
1412,96
1413,96
1414,91
1415,92
1416,84
1417,91
1418,100
1419,99
1420,98
1421,92
1422,91
1423,92
1424,100
1425,95
1426,94
1427,98
1428,98
1429,92
1430,98
1431,88
1432,99
1433,88
1434,98
1435,75
1436,98
1437,99
1438,98
1439,87
1440,99
1441,96
1442,88
1443,96
1444,98
1445,98
1446,93
1447,100
1448,95
1449,86
1450,97
1451,74
1452,96
1453,92
1454,87
1455,88
1456,99
1457,100
1458,95
1459,81
1460,99
1461,99
1462,92
1463,93
1464,97
1465,91
1466,90
1467,98
1468,99
1469,93
1470,84
1471,100
1472,95
1473,92
1474,100
1475,100
1476,94
1477,92
1478,100
1479,98
1480,89
1481,96
1482,97
1483,69
1484,91
1485,94
1486,98
1487,84
1488,97
1489,94
1490,99
1491,91
1492,98
1493,99
1494,99
1495,95
1496,97
1497,97
1498,84
1499,91
1500,90
1501,99
1502,99
1503,93
1504,97
1505,92
1506,96
1507,90
1508,93
1509,98
1510,88
1511,99
1512,100
1513,98
1514,99
1515,99
1516,98
1517,94
1518,98
1519,94
1520,100
1521,100
1522,97
1523,97
1524,99
1525,99
1526,98
1527,98
1528,80
1529,98
1530,100
1531,97
1532,98
1533,98
1534,100
1535,96
1536,98
1537,98
1538,81
1539,94
1540,97
1541,98
1542,89
1543,94
1544,91
1545,99
1546,95
1547,99
1548,94
1549,98
1550,100
1551,97
1552,97
1553,100
1554,100
1555,98
1556,100
1557,98
1558,99
1559,98
1560,94
1561,98
1562,98
1563,100
1564,95
1565,98
1566,100
1567,99
1568,97
1569,83
1570,97
1571,100
1572,100
1573,94
1574,69
1575,91
1576,85
1577,99
1578,100
1579,98
1580,97
1581,95
1582,96
1583,98
1584,94
1585,97
1586,93
1587,100
1588,94
1589,86
1590,99
1591,93
1592,93
1593,96
1594,91
1595,99
1596,97
1597,85
1598,92
1599,99
1600,97
1601,99
1602,98
1603,92
1604,100
1605,100
1606,93
1607,100
1608,100
1609,100
1610,93
1611,100
1612,96
1613,90
1614,95
1615,100
1616,88
1617,88
1618,92
1619,100
1620,85
1621,88
1622,98
1623,100
1624,94
1625,97
1626,100
1627,97
1628,95
1629,98
1630,99
1631,97
1632,100
1633,100
1634,94
1635,95
1636,98
1637,100
1638,99
1639,96
1640,97
1641,98
1642,100
1643,95
1644,99
1645,96
1646,99
1647,99
1648,97
1649,96
1650,100
1651,98
1652,99
1653,99
1654,99
1655,100
1656,98
1657,95
1658,94
1659,100
1660,98
1661,74
1662,100
1663,100
1664,89
1665,93
1666,92
1667,98
1668,100
1669,94
1670,93
1671,99
1672,100
1673,90
1674,92
1675,94
1676,99
1677,100
1678,97
1679,100
1680,91
1681,95
1682,89
1683,98
1684,92
1685,97
1686,97
1687,97
1688,98
1689,90
1690,96
1691,97
1692,100
1693,100
1694,100
1695,91
1696,99
1697,100
1698,98
1699,95
1700,98
1701,92
1702,95
1703,98
1704,96
1705,100
1706,96
1707,92
1708,99
1709,98
1710,95
1711,98
1712,98
1713,93
1714,99
1715,91
1716,98
1717,96
1718,98
1719,96
1720,88
1721,94
1722,96
1723,98
1724,77
1725,98
1726,89
1727,96
1728,96
1729,94
1730,88
1731,99
1732,96
1733,99
1734,99
1735,99
1736,96
1737,97
1738,100
1739,94
1740,100
1741,99
1742,97
1743,96
1744,99
1745,96
1746,94
1747,98
1748,99
1749,95
1750,98
1751,96
1752,100
1753,97
1754,88
1755,82
1756,93
1757,97
1758,97
1759,95
1760,99
1761,97
1762,94
1763,99
1764,95
1765,100
1766,93
1767,81
1768,100
1769,89
1770,95
1771,94
1772,95
1773,92
1774,97
1775,100
1776,91
1777,100
1778,100
1779,97
1780,99
1781,86
1782,91
1783,95
1784,94
1785,100
1786,94
1787,99
1788,100
1789,94
1790,95
1791,98
1792,96
1793,93
1794,96
1795,96
1796,92
1797,100
1798,97
1799,91
1800,94
1801,100
1802,92
1803,100
1804,84
1805,100
1806,99
1807,92
1808,98
1809,96
1810,90
1811,100
1812,99
1813,100
1814,99
1815,88
1816,100
1817,99
1818,96
1819,88
1820,99
1821,95
1822,100
1823,97
1824,96
1825,95
1826,99
1827,99
1828,88
1829,100
1830,95
1831,97
1832,93
1833,91
1834,99
1835,100
1836,98
1837,97
1838,96
1839,99
1840,99
1841,97
1842,98
1843,99
1844,92
1845,100
1846,96
1847,94
1848,100
1849,80
1850,97
1851,96
1852,92
1853,95
1854,93
1855,94
1856,100
1857,97
1858,73
1859,96
1860,96
1861,99
1862,98
1863,98
1864,84
1865,99
1866,100
1867,95
1868,98
1869,95
1870,99
1871,99
1872,98
1873,100
1874,97
1875,98
1876,99
1877,93
1878,100
1879,100
1880,99
1881,99
1882,94
1883,99
1884,100
1885,100
1886,91
1887,100
1888,88
1889,100
1890,94
1891,91
1892,93
1893,87
1894,96
1895,95
1896,74
1897,99
1898,95
1899,95
1900,100
1901,100
1902,84
1903,97
1904,90
1905,88
1906,100
1907,99
1908,99
1909,100
1910,96
1911,100
1912,94
1913,100
1914,97
1915,95
1916,95
1917,95
1918,92
1919,92
1920,94
1921,98
1922,82
1923,92
1924,97
1925,95
1926,94
1927,96
1928,99
1929,99
1930,100
1931,89
1932,96
1933,97
1934,98
1935,91
1936,99
1937,90
1938,81
1939,100
1940,100
1941,100
1942,100
1943,96
1944,97
1945,91
1946,98
1947,97
1948,100
1949,100
1950,100
1951,97
1952,100
1953,97
1954,98
1955,95
1956,90
1957,99
1958,99
1959,98
1960,95
1961,86
1962,100
1963,97
1964,96
1965,96
1966,97
1967,93
1968,99
1969,99
1970,100
1971,96
1972,75
1973,75
1974,90
1975,91
1976,100
1977,99
1978,91
1979,100
1980,98
1981,93
1982,100
1983,97
1984,100
1985,98
1986,99
1987,94
1988,92
1989,91
1990,97
1991,99
1992,93
1993,94
1994,94
1995,90
1996,90
1997,98
1998,88
1999,99
2000,93
2001,92
2002,93
2003,95
2004,89
2005,99
2006,100
2007,99
2008,99
2009,98
2010,93
2011,91
2012,99
2013,93
2014,100
2015,96
2016,97
2017,100
2018,88
2019,91
2020,100
2021,81
2022,98
2023,96
2024,96
2025,97
2026,98
2027,96
2028,97
2029,92
2030,89
2031,98
2032,98
2033,98
2034,98
2035,98
2036,94
2037,88
2038,95
2039,85
2040,97
2041,92
2042,93
2043,99
2044,92
2045,97
2046,93
2047,95
2048,95
2049,90
2050,95
2051,98
2052,98
2053,92
2054,93
2055,98
2056,96
2057,94
2058,98
2059,96
2060,99
2061,75
2062,95
2063,95
2064,97
2065,75
2066,95
2067,93
2068,96
2069,94
2070,100
2071,83
2072,99
2073,99
2074,94
2075,95
2076,95
2077,94
2078,94
2079,96
2080,89
2081,95
2082,96
2083,98
2084,92
2085,92
2086,99
2087,96
2088,98
2089,96
2090,98
2091,96
2092,88
2093,99
2094,92
2095,98
2096,93
2097,87
2098,100
2099,98
2100,100
2101,96
2102,100
2103,100
2104,99
2105,97
2106,95
2107,100
2108,94
2109,99
2110,92
2111,98
2112,87
2113,95
2114,81
2115,96
2116,95
2117,89
2118,97
2119,99
2120,95
2121,93
2122,94
2123,94
2124,96
2125,99
2126,99
2127,91
2128,100
2129,96
2130,90
2131,100
2132,92
2133,100
2134,99
2135,100
2136,100
2137,97
2138,89
2139,91
2140,91
2141,94
2142,97
2143,96
2144,95
2145,92
2146,95
2147,100
2148,99
2149,95
2150,97
2151,96
2152,99
2153,89
2154,95
2155,96
2156,89
2157,90
2158,92
2159,91
2160,98
2161,89
2162,95
2163,97
2164,99
2165,99
2166,78
2167,94
2168,96
2169,100
2170,98
2171,92
2172,97
2173,93
2174,96
2175,89
2176,100
2177,97
2178,99
2179,100
2180,91
2181,95
2182,97
2183,90
2184,85
2185,99
2186,97
2187,97
2188,96
2189,96
2190,99
2191,91
2192,96
2193,98
2194,93
2195,97
2196,92
2197,96
2198,97
2199,94
2200,99
2201,92
2202,97
2203,100
2204,94
2205,86
2206,95
2207,91
2208,97
2209,96
2210,100
2211,94
2212,100
2213,100
2214,100
2215,96
2216,96
2217,98
2218,98
2219,98
2220,97
2221,100
2222,98
2223,93
2224,99
2225,98
2226,97
2227,96
2228,97
2229,100
2230,96
2231,96
2232,99
2233,93
2234,100
2235,93
2236,100
2237,96
2238,93
2239,85
2240,100
2241,94
2242,87
2243,93
2244,99
2245,96
2246,98
2247,100
2248,89
2249,98
2250,99
2251,100
2252,98
2253,89
2254,83
2255,99
2256,88
2257,92
2258,94
2259,70
2260,100
2261,99
2262,100
2263,100
2264,99
2265,92
2266,99
2267,93
2268,94
2269,100
2270,100
2271,97
2272,99
2273,86
2274,89
2275,92
2276,98
2277,99
2278,95
2279,97
2280,88
2281,83
2282,93
2283,84
2284,100
2285,98
2286,82
2287,85
2288,96
2289,100
2290,99
2291,98
2292,89
2293,98
2294,88
2295,96
2296,90
2297,99
2298,96
2299,97
2300,95
2301,100
2302,98
2303,99
2304,95
2305,92
2306,100
2307,99
2308,100
2309,98
2310,99
2311,90
2312,94
2313,79
2314,97
2315,89
2316,99
2317,100
2318,92
2319,95
2320,99
2321,99
2322,85
2323,87
2324,89
2325,95
2326,99
2327,100
2328,98
2329,100
2330,100
2331,88
2332,96
2333,80
2334,81
2335,96
2336,99
2337,93
2338,89
2339,89
2340,96
2341,86
2342,97
2343,99
2344,100
2345,94
2346,99
2347,96
2348,83
2349,90
2350,96
2351,98
2352,70
2353,95
2354,94
2355,96
2356,94
2357,99
2358,87
2359,96
2360,97
2361,98
2362,91
2363,98
2364,98
2365,99
2366,95
2367,95
2368,100
2369,96
2370,89
2371,98
2372,95
2373,99
2374,98
2375,90
2376,99
2377,83
2378,99
2379,94
2380,86
2381,88
2382,93
2383,85
2384,98
2385,100
2386,84
2387,99
2388,97
2389,72
2390,99
2391,75
2392,93
2393,91
2394,95
2395,100
2396,96
2397,96
2398,97
2399,99
2400,90
2401,89
2402,100
2403,91
2404,100
2405,100
2406,95
2407,97
2408,95
2409,100
2410,99
2411,99
2412,100
2413,98
2414,95
2415,97
2416,76
2417,100
2418,98
2419,93
2420,96
2421,96
2422,88
2423,94
2424,97
2425,97
2426,97
2427,100
2428,98
2429,85
2430,97
2431,99
2432,98
2433,93
2434,93
2435,100
2436,97
2437,98
2438,98
2439,98
2440,96
2441,92
2442,97
2443,96
2444,98
2445,100
2446,90
2447,98
2448,100
2449,97
2450,93
2451,94
2452,95
2453,88
2454,100
2455,99
2456,100
2457,99
2458,95
2459,87
2460,90
2461,98
2462,95
2463,96
2464,99
2465,93
2466,97
2467,97
2468,87
2469,83
2470,87
2471,97
2472,93
2473,98
2474,97
2475,98
2476,99
2477,97
2478,88
2479,88
2480,98
2481,100
2482,86
2483,99
2484,99
2485,95
2486,100
2487,100
2488,100
2489,95
2490,95
2491,99
2492,89
2493,94
2494,98
2495,100
2496,100
2497,99
2498,99
2499,99
2500,98
2501,98
2502,96
2503,99
2504,100
2505,99
2506,99
2507,100
2508,96
2509,99
2510,98
2511,100
2512,97
2513,97
2514,100
2515,89
2516,94
2517,99
2518,100
2519,98
2520,95
2521,87
2522,99
2523,99
2524,95
2525,99
2526,100
2527,97
2528,96
2529,97
2530,96
2531,84
2532,100
2533,98
2534,97
2535,99
2536,90
2537,90
2538,92
2539,94
2540,78
2541,99
2542,100
2543,95
2544,85
2545,86
2546,98
2547,100
2548,94
2549,93
2550,97
2551,82
2552,99
2553,98
2554,83
2555,99
2556,98
2557,87
2558,99
2559,82
2560,89
2561,97
2562,100
2563,100
2564,99
2565,92
2566,91
2567,99
2568,100
2569,76
2570,97
2571,93
2572,100
2573,95
2574,97
2575,98
2576,94
2577,100
2578,99
2579,99
2580,89
2581,95
2582,91
2583,94
2584,96
2585,99
2586,89
2587,78
2588,89
2589,95
2590,98
2591,96
2592,94
2593,94
2594,99
2595,98
2596,98
2597,98
2598,96
2599,100
2600,100
2601,100
2602,86
2603,93
2604,89
2605,81
2606,97
2607,99
2608,89
2609,98
2610,95
2611,99
2612,94
2613,98
2614,94
2615,99
2616,100
2617,94
2618,100
2619,97
2620,99
2621,100
2622,93
2623,98
2624,98
2625,96
2626,93
2627,100
2628,88
2629,100
2630,96
2631,98
2632,95
2633,96
2634,97
2635,88
2636,99
2637,95
2638,97
2639,93
2640,90
2641,96
2642,98
2643,94
2644,95
2645,94
2646,75
2647,96
2648,100
2649,100
2650,99
2651,100
2652,92
2653,98
2654,93
2655,99
2656,84
2657,99
2658,96
2659,86
2660,99
2661,100
2662,97
2663,99
2664,84
2665,87
2666,98
2667,100
2668,100
2669,97
2670,94
2671,99
2672,84
2673,91
2674,96
2675,98
2676,100
2677,96
2678,97
2679,100
2680,92
2681,99
2682,100
2683,87
2684,97
2685,99
2686,97
2687,99
2688,100
2689,99
2690,95
2691,91
2692,98
2693,98
2694,100
2695,100
2696,88
2697,100
2698,97
2699,89
2700,98
2701,99
2702,100
2703,99
2704,100
2705,97
2706,98
2707,90
2708,100
2709,96
2710,84
2711,100
2712,100
2713,89
2714,98
2715,100
2716,91
2717,96
2718,99
2719,98
2720,96
2721,99
2722,100
2723,100
2724,97
2725,100
2726,84
2727,95
2728,97
2729,98
2730,95
2731,95
2732,85
2733,93
2734,100
2735,97
2736,100
2737,92
2738,100
2739,98
2740,90
2741,97
2742,94
2743,96
2744,93
2745,95
2746,96
2747,92
2748,100
2749,96
2750,97
2751,99
2752,95
2753,92
2754,100
2755,88
2756,91
2757,99
2758,98
2759,97
2760,98
2761,93
2762,99
2763,100
2764,94
2765,84
2766,96
2767,96
2768,100
2769,96
2770,96
2771,94
2772,98
2773,91
2774,87
2775,100
2776,94
2777,99
2778,96
2779,99
2780,85
2781,98
2782,98
2783,92
2784,92
2785,87
2786,94
2787,99
2788,94
2789,97
2790,90
2791,87
2792,94
2793,93
2794,100
2795,92
2796,100
2797,86
2798,97
2799,97
2800,99
2801,100
2802,98
2803,100
2804,100
2805,95
2806,97
2807,100
2808,100
2809,93
2810,97
2811,100
2812,100
2813,98
2814,97
2815,95
2816,89
2817,95
2818,93
2819,96
2820,94
2821,88
2822,95
2823,99
2824,98
2825,100
2826,98
2827,97
2828,98
2829,100
2830,100
2831,94
2832,97
2833,96
2834,85
2835,97
2836,99
2837,100
2838,94
2839,96
2840,96
2841,97
2842,100
2843,99
2844,99
2845,91
2846,94
2847,99
2848,95
2849,97
2850,91
2851,97
2852,93
2853,89
2854,90
2855,96
2856,97
2857,86
2858,85
2859,100
2860,99
2861,93
2862,98
2863,96
2864,92
2865,100
2866,99
2867,97
2868,93
2869,87
2870,97
2871,100
2872,92
2873,96
2874,99
2875,99
2876,100
2877,91
2878,93
2879,97
2880,97
2881,97
2882,100
2883,100
2884,94
2885,90
2886,100
2887,99
2888,100
2889,94
2890,95
2891,98
2892,100
2893,91
2894,100
2895,99
2896,93
2897,98
2898,99
2899,95
2900,99
2901,95
2902,100
2903,99
2904,97
2905,93
2906,94
2907,94
2908,92
2909,97
2910,98
2911,90
2912,90
2913,99
2914,90
2915,100
2916,99
2917,86
2918,98
2919,84
2920,89
2921,93
2922,85
2923,82
2924,95
2925,94
2926,98
2927,87
2928,86
2929,99
2930,98
2931,97
2932,94
2933,98
2934,99
2935,96
2936,100
2937,98
2938,99
2939,89
2940,90
2941,92
2942,100
2943,82
2944,97
2945,95
2946,94
2947,90
2948,96
2949,99
2950,98
2951,97
2952,96
2953,99
2954,98
2955,92
2956,96
2957,97
2958,98
2959,91
2960,88
2961,98
2962,85
2963,100
2964,98
2965,97
2966,93
2967,99
2968,97
2969,99
2970,92
2971,98
2972,99
2973,99
2974,92
2975,93
2976,99
2977,100
2978,93
2979,92
2980,99
2981,94
2982,100
2983,93
2984,100
2985,100
2986,94
2987,96
2988,98
2989,96
2990,99
2991,92
2992,93
2993,91
2994,96
2995,97
2996,99
2997,100
2998,92
2999,100
3000,99
3001,93
3002,97
3003,87
3004,98
3005,97
3006,93
3007,100
3008,98
3009,100
3010,94
3011,81
3012,94
3013,97
3014,99
3015,99
3016,95
3017,94
3018,85
3019,100
3020,91
3021,100
3022,92
3023,97
3024,100
3025,92
3026,100
3027,100
3028,90
3029,98
3030,97
3031,92
3032,86
3033,90
3034,95
3035,93
3036,98
3037,100
3038,98
3039,85
3040,100
3041,99
3042,91
3043,92
3044,94
3045,95
3046,100
3047,94
3048,95
3049,100
3050,96
3051,94
3052,96
3053,95
3054,100
3055,93
3056,88
3057,100
3058,98
3059,100
3060,83
3061,94
3062,89
3063,100
3064,95
3065,99
3066,81
3067,94
3068,99
3069,90
3070,100
3071,90
3072,87
3073,100
3074,94
3075,94
3076,99
3077,97
3078,97
3079,99
3080,96
3081,93
3082,98
3083,96
3084,91
3085,95
3086,100
3087,98
3088,98
3089,96
3090,98
3091,100
3092,91
3093,100
3094,99
3095,99
3096,91
3097,96
3098,90
3099,95
3100,89
3101,99
3102,86
3103,98
3104,95
3105,94
3106,99
3107,93
3108,98
3109,98
3110,93
3111,77
3112,99
3113,100
3114,100
3115,99
3116,92
3117,92
3118,99
3119,100
3120,99
3121,100
3122,93
3123,100
3124,100
3125,90
3126,92
3127,96
3128,98
3129,99
3130,97
3131,91
3132,94
3133,91
3134,95
3135,99
3136,98
3137,100
3138,92
3139,100
3140,97
3141,93
3142,97
3143,97
3144,100
3145,84
3146,97
3147,98
3148,82
3149,94
3150,97
3151,100
3152,98
3153,95
3154,95
3155,97
3156,94
3157,97
3158,94
3159,100
3160,93
3161,98
3162,95
3163,100
3164,95
3165,97
3166,99
3167,96
3168,96
3169,98
3170,82
3171,99
3172,95
3173,95
3174,97
3175,99
3176,98
3177,99
3178,99
3179,100
3180,99
3181,94
3182,94
3183,100
3184,97
3185,98
3186,99
3187,94
3188,92
3189,95
3190,99
3191,98
3192,100
3193,99
3194,99
3195,99
3196,93
3197,96
3198,98
3199,98
3200,100
3201,93
3202,97
3203,87
3204,87
3205,96
3206,78
3207,98
3208,87
3209,98
3210,100
3211,83
3212,91
3213,93
3214,89
3215,95
3216,99
3217,94
3218,99
3219,98
3220,98
3221,98
3222,89
3223,93
3224,94
3225,97
3226,93
3227,97
3228,100
3229,96
3230,94
3231,95
3232,95
3233,98
3234,100
3235,95
3236,92
3237,100
3238,96
3239,94
3240,97
3241,96
3242,93
3243,99
3244,69
3245,100
3246,86
3247,98
3248,100
3249,91
3250,100
3251,98
3252,99
3253,91
3254,100
3255,95
3256,95
3257,96
3258,97
3259,96
3260,100
3261,89
3262,89
3263,99
3264,97
3265,95
3266,91
3267,97
3268,100
3269,100
3270,100
3271,98
3272,98
3273,87
3274,96
3275,89
3276,98
3277,100
3278,96
3279,100
3280,94
3281,89
3282,97
3283,99
3284,94
3285,96
3286,99
3287,97
3288,98
3289,87
3290,99
3291,94
3292,92
3293,96
3294,99
3295,86
3296,97
3297,94
3298,98
3299,100
3300,97
3301,100
3302,95
3303,100
3304,100
3305,95
3306,96
3307,99
3308,82
3309,94
3310,99
3311,100
3312,97
3313,98
3314,98
3315,92
3316,95
3317,94
3318,92
3319,98
3320,100
3321,100
3322,97
3323,98
3324,100
3325,88
3326,100
3327,100
3328,99
3329,100
3330,80
3331,97
3332,100
3333,96
3334,100
3335,98
3336,97
3337,91
3338,85
3339,96
3340,94
3341,92
3342,100
3343,95
3344,100
3345,100
3346,94
3347,100
3348,98
3349,97
3350,99
3351,85
3352,100
3353,90
3354,100
3355,100
3356,100
3357,96
3358,98
3359,98
3360,97
3361,85
3362,90
3363,94
3364,88
3365,96
3366,97
3367,96
3368,98
3369,100
3370,95
3371,93
3372,85
3373,79
3374,92
3375,88
3376,92
3377,90
3378,100
3379,86
3380,93
3381,98
3382,100
3383,98
3384,86
3385,90
3386,94
3387,89
3388,99
3389,98
3390,92
3391,99
3392,97
3393,100
3394,100
3395,98
3396,100
3397,100
3398,92
3399,83
3400,100
3401,92
3402,97
3403,86
3404,97
3405,96
3406,95
3407,100
3408,84
3409,97
3410,100
3411,100
3412,86
3413,98
3414,100
3415,100
3416,99
3417,99
3418,95
3419,99
3420,96
3421,92
3422,90
3423,91
3424,99
3425,96
3426,99
3427,98
3428,91
3429,89
3430,96
3431,97
3432,93
3433,95
3434,99
3435,86
3436,98
3437,83
3438,100
3439,98
3440,87
3441,95
3442,98
3443,99
3444,98
3445,99
3446,91
3447,100
3448,97
3449,86
3450,99
3451,96
3452,90
3453,99
3454,95
3455,99
3456,92
3457,84
3458,96
3459,94
3460,100
3461,99
3462,100
3463,98
3464,97
3465,100
3466,99
3467,92
3468,100
3469,100
3470,99
3471,92
3472,92
3473,89
3474,91
3475,94
3476,99
3477,97
3478,95
3479,99
3480,100
3481,100
3482,100
3483,92
3484,90
3485,96
3486,98
3487,92
3488,98
3489,98
3490,89
3491,90
3492,94
3493,98
3494,100
3495,93
3496,95
3497,97
3498,98
3499,99
3500,98
3501,97
3502,99
3503,98
3504,98
3505,96
3506,94
3507,97
3508,100
3509,97
3510,86
3511,88
3512,95
3513,94
3514,64
3515,100
3516,100
3517,99
3518,97
3519,95
3520,100
3521,92
3522,99
3523,90
3524,96
3525,99
3526,99
3527,99
3528,85
3529,86
3530,98
3531,99
3532,94
3533,96
3534,92
3535,99
3536,93
3537,91
3538,99
3539,100
3540,100
3541,99
3542,84
3543,100
3544,92
3545,100
3546,99
3547,94
3548,100
3549,97
3550,96
3551,100
3552,100
3553,91
3554,98
3555,95
3556,97
3557,100
3558,99
3559,99
3560,92
3561,97
3562,98
3563,96
3564,84
3565,88
3566,95
3567,93
3568,95
3569,81
3570,94
3571,100
3572,100
3573,99
3574,100
3575,95
3576,100
3577,100
3578,100
3579,99
3580,84
3581,93
3582,90
3583,98
3584,99
3585,91
3586,94
3587,80
3588,93
3589,88
3590,98
3591,97
3592,100
3593,98
3594,98
3595,98
3596,99
3597,91
3598,99
3599,100
3600,100
3601,95
3602,91
3603,98
3604,99
3605,96
3606,100
3607,87
3608,92
3609,99
3610,93
3611,93
3612,100
3613,91
3614,83
3615,100
3616,99
3617,100
3618,93
3619,92
3620,98
3621,99
3622,88
3623,97
3624,100
3625,100
3626,100
3627,98
3628,98
3629,95
3630,95
3631,100
3632,93
3633,94
3634,99
3635,93
3636,91
3637,91
3638,98
3639,100
3640,98
3641,92
3642,95
3643,97
3644,99
3645,88
3646,98
3647,100
3648,100
3649,100
3650,94
3651,100
3652,98
3653,99
3654,100
3655,94
3656,98
3657,94
3658,93
3659,89
3660,98
3661,100
3662,100
3663,100
3664,93
3665,93
3666,94
3667,96
3668,94
3669,97
3670,85
3671,97
3672,96
3673,82
3674,96
3675,92
3676,98
3677,96
3678,99
3679,98
3680,97
3681,88
3682,96
3683,98
3684,90
3685,98
3686,98
3687,98
3688,100
3689,99
3690,100
3691,96
3692,94
3693,91
3694,99
3695,100
3696,77
3697,92
3698,98
3699,100
3700,98
3701,98
3702,97
3703,95
3704,98
3705,91
3706,90
3707,90
3708,99
3709,84
3710,96
3711,93
3712,94
3713,98
3714,98
3715,100
3716,94
3717,98
3718,84
3719,99
3720,97
3721,95
3722,94
3723,98
3724,99
3725,100
3726,96
3727,88
3728,99
3729,94
3730,96
3731,97
3732,96
3733,98
3734,96
3735,95
3736,100
3737,89
3738,91
3739,95
3740,92
3741,99
3742,84
3743,86
3744,100
3745,100
3746,92
3747,97
3748,91
3749,99
3750,99
3751,80
3752,95
3753,100
3754,100
3755,96
3756,90
3757,90
3758,89
3759,94
3760,96
3761,100
3762,94
3763,100
3764,100
3765,98
3766,97
3767,96
3768,97
3769,90
3770,99
3771,99
3772,92
3773,98
3774,98
3775,98
3776,92
3777,100
3778,96
3779,100
3780,100
3781,95
3782,94
3783,97
3784,98
3785,91
3786,100
3787,92
3788,100
3789,97
3790,96
3791,99
3792,98
3793,97
3794,100
3795,98
3796,80
3797,97
3798,98
3799,100
3800,92
3801,92
3802,93
3803,98
3804,95
3805,97
3806,97
3807,100
3808,94
3809,100
3810,100
3811,92
3812,98
3813,86
3814,98
3815,91
3816,95
3817,100
3818,98
3819,94
3820,100
3821,100
3822,98
3823,99
3824,99
3825,98
3826,97
3827,91
3828,98
3829,99
3830,95
3831,88
3832,98
3833,98
3834,99
3835,91
3836,86
3837,100
3838,93
3839,100
3840,99
3841,86
3842,97
3843,98
3844,93
3845,97
3846,99
3847,97
3848,97
3849,99
3850,91
3851,99
3852,89
3853,98
3854,98
3855,99
3856,99
3857,96
3858,97
3859,98
3860,100
3861,95
3862,100
3863,90
3864,100
3865,88
3866,99
3867,91
3868,99
3869,100
3870,98
3871,84
3872,99
3873,99
3874,93
3875,97
3876,97
3877,100
3878,99
3879,93
3880,91
3881,94
3882,95
3883,100
3884,99
3885,97
3886,100
3887,97
3888,97
3889,89
3890,100
3891,92
3892,100
3893,99
3894,99
3895,99
3896,92
3897,99
3898,95
3899,92
3900,100
3901,94
3902,93
3903,100
3904,97
3905,98
3906,98
3907,98
3908,97
3909,97
3910,88
3911,93
3912,100
3913,99
3914,96
3915,100
3916,99
3917,92
3918,91
3919,93
3920,98
3921,94
3922,96
3923,97
3924,100
3925,93
3926,99
3927,100
3928,100
3929,97
3930,99
3931,76
3932,93
3933,92
3934,98
3935,95
3936,94
3937,95
3938,97
3939,100
3940,100
3941,94
3942,98
3943,100
3944,96
3945,93
3946,100
3947,96
3948,99
3949,98
3950,92
3951,100
3952,99
3953,96
3954,98
3955,84
3956,99
3957,99
3958,92
3959,93
3960,92
3961,92
3962,96
3963,92
3964,97
3965,98
3966,84
3967,94
3968,100
3969,100
3970,97
3971,97
3972,85
3973,80
3974,95
3975,99
3976,96
3977,96
3978,100
3979,96
3980,100
3981,99
3982,90
3983,99
3984,98
3985,98
3986,99
3987,90
3988,98
3989,94
3990,98
3991,98
3992,96
3993,98
3994,99
3995,88
3996,93
3997,99
3998,99
3999,98
4000,97
4001,94
4002,100
4003,91
4004,100
4005,99
4006,98
4007,100
4008,92
4009,99
4010,100
4011,97
4012,90
4013,97
4014,96
4015,97
4016,94
4017,100
4018,98
4019,92
4020,100
4021,93
4022,92
4023,94
4024,93
4025,98
4026,100
4027,100
4028,93
4029,97
4030,99
4031,99
4032,96
4033,88
4034,96
4035,98
4036,99
4037,100
4038,93
4039,87
4040,87
4041,99
4042,100
4043,95
4044,91
4045,79
4046,91
4047,93
4048,99
4049,89
4050,92
4051,92
4052,100
4053,96
4054,100
4055,97
4056,100
4057,81
4058,95
4059,92
4060,99
4061,97
4062,98
4063,100
4064,98
4065,96
4066,97
4067,100
4068,93
4069,79
4070,100
4071,98
4072,94
4073,98
4074,94
4075,88
4076,100
4077,99
4078,100
4079,95
4080,91
4081,88
4082,82
4083,97
4084,90
4085,96
4086,93
4087,93
4088,91
4089,85
4090,100
4091,96
4092,92
4093,98
4094,97
4095,79
4096,98
4097,91
4098,93
4099,99
4100,98
4101,94
4102,99
4103,89
4104,100
4105,94
4106,97
4107,98
4108,95
4109,100
4110,87
4111,98
4112,98
4113,91
4114,96
4115,91
4116,76
4117,92
4118,88
4119,98
4120,96
4121,97
4122,93
4123,97
4124,93
4125,96
4126,96
4127,100
4128,100
4129,95
4130,99
4131,98
4132,83
4133,95
4134,100
4135,88
4136,97
4137,95
4138,92
4139,93
4140,100
4141,90
4142,99
4143,99
4144,88
4145,100
4146,93
4147,99
4148,89
4149,99
4150,100
4151,95
4152,100
4153,78
4154,97
4155,95
4156,98
4157,88
4158,89
4159,98
4160,99
4161,92
4162,97
4163,95
4164,100
4165,100
4166,100
4167,95
4168,85
4169,97
4170,100
4171,89
4172,96
4173,100
4174,91
4175,86
4176,94
4177,95
4178,99
4179,96
4180,99
4181,93
4182,90
4183,99
4184,87
4185,98
4186,91
4187,98
4188,100
4189,99
4190,98
4191,76
4192,95
4193,98
4194,96
4195,81
4196,96
4197,82
4198,98
4199,98
4200,96
4201,95
4202,88
4203,98
4204,94
4205,92
4206,100
4207,100
4208,86
4209,95
4210,95
4211,100
4212,97
4213,98
4214,98
4215,96
4216,100
4217,100
4218,100
4219,100
4220,94
4221,82
4222,100
4223,98
4224,95
4225,100
4226,99
4227,96
4228,94
4229,99
4230,95
4231,94
4232,94
4233,92
4234,100
4235,100
4236,95
4237,100
4238,84
4239,98
4240,100
4241,99
4242,93
4243,94
4244,100
4245,95
4246,89
4247,99
4248,97
4249,87
4250,97
4251,97
4252,99
4253,99
4254,95
4255,100
4256,94
4257,100
4258,93
4259,94
4260,97
4261,96
4262,99
4263,97
4264,99
4265,92
4266,99
4267,99
4268,98
4269,98
4270,95
4271,100
4272,93
4273,100
4274,93
4275,91
4276,91
4277,95
4278,96
4279,92
4280,98
4281,94
4282,98
4283,98
4284,98
4285,96
4286,96
4287,99
4288,96
4289,98
4290,85
4291,91
4292,99
4293,91
4294,92
4295,95
4296,92
4297,100
4298,98
4299,94
4300,100
4301,98
4302,98
4303,97
4304,97
4305,99
4306,97
4307,98
4308,100
4309,90
4310,96
4311,97
4312,88
4313,93
4314,98
4315,95
4316,96
4317,97
4318,99
4319,100
4320,91
4321,100
4322,95
4323,92
4324,87
4325,96
4326,88
4327,98
4328,86
4329,92
4330,100
4331,83
4332,99
4333,100
4334,100
4335,84
4336,100
4337,85
4338,99
4339,95
4340,94
4341,91
4342,98
4343,90
4344,83
4345,100
4346,99
4347,88
4348,94
4349,95
4350,100
4351,98
4352,98
4353,96
4354,96
4355,100
4356,100
4357,98
4358,99
4359,99
4360,97
4361,78
4362,97
4363,90
4364,82
4365,96
4366,96
4367,97
4368,98
4369,84
4370,94
4371,98
4372,98
4373,100
4374,89
4375,94
4376,99
4377,100
4378,93
4379,99
4380,97
4381,98
4382,98
4383,97
4384,94
4385,100
4386,92
4387,100
4388,89
4389,84
4390,90
4391,97
4392,89
4393,94
4394,98
4395,93
4396,98
4397,99
4398,96
4399,80
4400,90
4401,94
4402,92
4403,95
4404,98
4405,98
4406,88
4407,88
4408,100
4409,100
4410,99
4411,100
4412,92
4413,100
4414,100
4415,99
4416,98
4417,84
4418,96
4419,100
4420,100
4421,98
4422,81
4423,99
4424,98
4425,95
4426,99
4427,98
4428,97
4429,98
4430,92
4431,94
4432,100
4433,94
4434,98
4435,89
4436,98
4437,94
4438,98
4439,90
4440,100
4441,87
4442,96
4443,98
4444,95
4445,99
4446,86
4447,99
4448,99
4449,97
4450,90
4451,98
4452,92
4453,95
4454,100
4455,99
4456,93
4457,100
4458,100
4459,100
4460,93
4461,96
4462,95
4463,98
4464,100
4465,97
4466,87
4467,98
4468,83
4469,93
4470,99
4471,82
4472,95
4473,95
4474,96
4475,98
4476,94
4477,95
4478,96
4479,92
4480,100
4481,94
4482,97
4483,98
4484,99
4485,94
4486,100
4487,97
4488,97
4489,91
4490,96
4491,100
4492,84
4493,87
4494,99
4495,99
4496,90
4497,99
4498,97
4499,98
4500,95
4501,100
4502,100
4503,98
4504,87
4505,95
4506,90
4507,98
4508,96
4509,87
4510,99
4511,100
4512,95
4513,99
4514,100
4515,100
4516,96
4517,99
4518,99
4519,100
4520,99
4521,92
4522,100
4523,93
4524,99
4525,100
4526,97
4527,94
4528,100
4529,98
4530,97
4531,98
4532,94
4533,95
4534,96
4535,97
4536,93
4537,92
4538,65
4539,92
4540,88
4541,98
4542,99
4543,94
4544,94
4545,93
4546,94
4547,98
4548,98
4549,93
4550,95
4551,96
4552,89
4553,99
4554,95
4555,97
4556,95
4557,97
4558,97
4559,93
4560,84
4561,82
4562,98
4563,91
4564,93
4565,98
4566,100
4567,99
4568,90
4569,98
4570,86
4571,98
4572,98
4573,91
4574,83
4575,99
4576,80
4577,100
4578,95
4579,95
4580,97
4581,98
4582,95
4583,96
4584,97
4585,100
4586,97
4587,95
4588,89
4589,95
4590,95
4591,94
4592,93
4593,96
4594,100
4595,100
4596,100
4597,99
4598,92
4599,100
4600,94
4601,100
4602,92
4603,97
4604,99
4605,94
4606,95
4607,98
4608,99
4609,93
4610,84
4611,97
4612,95
4613,100
4614,97
4615,100
4616,96
4617,99
4618,92
4619,91
4620,93
4621,94
4622,90
4623,98
4624,99
4625,89
4626,91
4627,69
4628,85
4629,99
4630,99
4631,99
4632,99
4633,99
4634,95
4635,94
4636,97
4637,97
4638,96
4639,99
4640,94
4641,82
4642,86
4643,97
4644,94
4645,100
4646,100
4647,94
4648,94
4649,99
4650,97
4651,82
4652,98
4653,98
4654,78
4655,98
4656,100
4657,96
4658,97
4659,96
4660,100
4661,97
4662,91
4663,100
4664,98
4665,96
4666,97
4667,94
4668,99
4669,97
4670,99
4671,86
4672,97
4673,100
4674,100
4675,92
4676,100
4677,92
4678,98
4679,97
4680,96
4681,98
4682,98
4683,92
4684,99
4685,96
4686,97
4687,93
4688,99
4689,100
4690,96
4691,93
4692,96
4693,94
4694,95
4695,90
4696,100
4697,97
4698,98
4699,98
4700,96
4701,94
4702,99
4703,94
4704,100
4705,92
4706,86
4707,100
4708,96
4709,92
4710,89
4711,100
4712,95
4713,95
4714,86
4715,100
4716,96
4717,100
4718,99
4719,97
4720,96
4721,100
4722,94
4723,100
4724,91
4725,99
4726,96
4727,99
4728,100
4729,89
4730,96
4731,96
4732,96
4733,95
4734,95
4735,96
4736,97
4737,99
4738,94
4739,98
4740,93
4741,99
4742,97
4743,97
4744,95
4745,100
4746,94
4747,100
4748,90
4749,99
4750,89
4751,99
4752,92
4753,99
4754,98
4755,97
4756,100
4757,97
4758,98
4759,93
4760,99
4761,84
4762,95
4763,98
4764,95
4765,96
4766,85
4767,99
4768,91
4769,99
4770,86
4771,98
4772,99
4773,96
4774,95
4775,97
4776,98
4777,98
4778,94
4779,99
4780,99
4781,89
4782,100
4783,99
4784,98
4785,99
4786,98
4787,99
4788,91
4789,100
4790,82
4791,97
4792,100
4793,87
4794,97
4795,97
4796,100
4797,97
4798,82
4799,92
4800,100
4801,88
4802,98
4803,100
4804,96
4805,96
4806,96
4807,98
4808,93
4809,95
4810,95
4811,100
4812,97
4813,100
4814,100
4815,99
4816,100
4817,89
4818,97
4819,100
4820,97
4821,99
4822,97
4823,93
4824,99
4825,99
4826,93
4827,97
4828,98
4829,99
4830,95
4831,95
4832,94
4833,96
4834,97
4835,99
4836,96
4837,93
4838,82
4839,92
4840,93
4841,96
4842,90
4843,99
4844,99
4845,100
4846,97
4847,84
4848,87
4849,93
4850,87
4851,96
4852,96
4853,97
4854,97
4855,92
4856,86
4857,98
4858,86
4859,99
4860,92
4861,84
4862,99
4863,98
4864,92
4865,100
4866,86
4867,96
4868,97
4869,94
4870,81
4871,83
4872,94
4873,94
4874,93
4875,100
4876,99
4877,99
4878,97
4879,97
4880,97
4881,96
4882,100
4883,100
4884,78
4885,96
4886,86
4887,85
4888,91
4889,100
4890,85
4891,97
4892,97
4893,99
4894,99
4895,89
4896,99
4897,100
4898,99
4899,97
4900,99
4901,100
4902,95
4903,96
4904,98
4905,97
4906,100
4907,91
4908,91
4909,100
4910,97
4911,99
4912,88
4913,84
4914,96
4915,98
4916,90
4917,97
4918,97
4919,85
4920,98
4921,96
4922,92
4923,97
4924,98
4925,99
4926,99
4927,99
4928,98
4929,95
4930,99
4931,81
4932,98
4933,98
4934,97
4935,100
4936,94
4937,96
4938,95
4939,98
4940,100
4941,98
4942,100
4943,96
4944,94
4945,98
4946,100
4947,100
4948,100
4949,100
4950,100
4951,99
4952,96
4953,92
4954,92
4955,95
4956,96
4957,94
4958,93
4959,97
4960,84
4961,97
4962,95
4963,93
4964,97
4965,99
4966,97
4967,100
4968,99
4969,97
4970,93
4971,94
4972,97
4973,98
4974,100
4975,99
4976,97
4977,100
4978,77
4979,99
4980,97
4981,92
4982,91
4983,93
4984,100
4985,94
4986,82
4987,100
4988,92
4989,96
4990,100
4991,100
4992,98
4993,96
4994,98
4995,93
4996,100
4997,91
4998,95
4999,100
5000,86
5001,97
5002,94
5003,89
5004,94
5005,99
5006,90
5007,91
5008,99
5009,95
5010,95
5011,97
5012,90
5013,90
5014,93
5015,83
5016,97
5017,96
5018,96
5019,98
5020,95
5021,95
5022,92
5023,88
5024,91
5025,79
5026,100
5027,97
5028,97
5029,95
5030,89
5031,100
5032,100
5033,97
5034,94
5035,95
5036,98
5037,97
5038,100
5039,96
5040,87
5041,100
5042,98
5043,97
5044,99
5045,98
5046,100
5047,98
5048,98
5049,99
5050,96
5051,99
5052,90
5053,82
5054,99
5055,91
5056,96
5057,95
5058,90
5059,98
5060,99
5061,99
5062,100
5063,90
5064,100
5065,95
5066,100
5067,100
5068,100
5069,95
5070,99
5071,97
5072,88
5073,96
5074,73
5075,100
5076,96
5077,100
5078,95
5079,98
5080,90
5081,99
5082,96
5083,95
5084,94
5085,99
5086,98
5087,98
5088,88
5089,97
5090,99
5091,98
5092,97
5093,99
5094,99
5095,90
5096,90
5097,98
5098,96
5099,95
5100,99
5101,93
5102,88
5103,97
5104,95
5105,93
5106,98
5107,97
5108,83
5109,97
5110,89
5111,98
5112,94
5113,94
5114,99
5115,99
5116,84
5117,95
5118,98
5119,97
5120,91
5121,97
5122,96
5123,98
5124,73
5125,99
5126,90
5127,94
5128,97
5129,97
5130,89
5131,97
5132,95
5133,96
5134,95
5135,97
5136,95
5137,91
5138,100
5139,99
5140,97
5141,100
5142,100
5143,87
5144,97
5145,100
5146,95
5147,83
5148,62
5149,100
5150,100
5151,95
5152,93
5153,96
5154,100
5155,96
5156,100
5157,95
5158,99
5159,90
5160,92
5161,100
5162,100
5163,100
5164,95
5165,99
5166,93
5167,86
5168,100
5169,100
5170,87
5171,97
5172,92
5173,99
5174,87
5175,92
5176,98
5177,97
5178,100
5179,77
5180,91
5181,99
5182,91
5183,99
5184,100
5185,98
5186,100
5187,98
5188,92
5189,90
5190,82
5191,97
5192,97
5193,97
5194,97
5195,90
5196,97
5197,99
5198,94
5199,97
5200,99
5201,76
5202,93
5203,99
5204,97
5205,93
5206,97
5207,99
5208,100
5209,100
5210,99
5211,85
5212,96
5213,92
5214,98
5215,97
5216,99
5217,95
5218,99
5219,100
5220,100
5221,95
5222,97
5223,100
5224,100
5225,99
5226,100
5227,98
5228,94
5229,97
5230,100
5231,94
5232,98
5233,92
5234,99
5235,96
5236,98
5237,90
5238,96
5239,99
5240,100
5241,97
5242,96
5243,98
5244,94
5245,96
5246,100
5247,96
5248,97
5249,100
5250,98
5251,100
5252,97
5253,98
5254,94
5255,95
5256,100
5257,99
5258,83
5259,96
5260,100
5261,89
5262,94
5263,100
5264,99
5265,95
5266,93
5267,83
5268,100
5269,88
5270,100
5271,93
5272,98
5273,97
5274,99
5275,90
5276,94
5277,93
5278,98
5279,99
5280,99
5281,96
5282,98
5283,95
5284,96
5285,80
5286,93
5287,92
5288,93
5289,98
5290,97
5291,98
5292,86
5293,100
5294,92
5295,97
5296,93
5297,96
5298,85
5299,92
5300,94
5301,96
5302,91
5303,94
5304,99
5305,99
5306,100
5307,94
5308,97
5309,96
5310,91
5311,94
5312,95
5313,88
5314,91
5315,97
5316,94
5317,87
5318,96
5319,93
5320,99
5321,96
5322,96
5323,92
5324,98
5325,100
5326,99
5327,86
5328,100
5329,95
5330,96
5331,100
5332,98
5333,97
5334,95
5335,92
5336,99
5337,95
5338,91
5339,99
5340,89
5341,94
5342,96
5343,99
5344,100
5345,97
5346,98
5347,99
5348,97
5349,97
5350,89
5351,95
5352,100
5353,96
5354,95
5355,99
5356,98
5357,97
5358,96
5359,100
5360,94
5361,95
5362,89
5363,98
5364,94
5365,98
5366,97
5367,99
5368,100
5369,97
5370,97
5371,97
5372,100
5373,100
5374,83
5375,99
5376,99
5377,100
5378,97
5379,100
5380,100
5381,99
5382,84
5383,93
5384,96
5385,99
5386,90
5387,99
5388,99
5389,83
5390,95
5391,100
5392,96
5393,76
5394,96
5395,100
5396,96
5397,93
5398,99
5399,97
5400,97
5401,100
5402,83
5403,98
5404,95
5405,100
5406,94
5407,98
5408,100
5409,97
5410,89
5411,100
5412,95
5413,89
5414,95
5415,96
5416,99
5417,100
5418,99
5419,100
5420,96
5421,99
5422,93
5423,87
5424,100
5425,96
5426,97
5427,93
5428,99
5429,99
5430,93
5431,100
5432,99
5433,90
5434,95
5435,90
5436,100
5437,96
5438,76
5439,99
5440,100
5441,98
5442,98
5443,98
5444,97
5445,99
5446,95
5447,95
5448,99
5449,97
5450,100
5451,98
5452,97
5453,91
5454,98
5455,89
5456,99
5457,96
5458,99
5459,98
5460,99
5461,82
5462,99
5463,99
5464,97
5465,86
5466,99
5467,93
5468,100
5469,94
5470,100
5471,100
5472,86
5473,93
5474,98
5475,94
5476,81
5477,99
5478,99
5479,96
5480,97
5481,98
5482,100
5483,96
5484,93
5485,93
5486,97
5487,90
5488,99
5489,99
5490,93
5491,91
5492,98
5493,89
5494,100
5495,96
5496,99
5497,97
5498,94
5499,94
5500,98
5501,100
5502,95
5503,90
5504,98
5505,90
5506,95
5507,100
5508,88
5509,100
5510,93
5511,97
5512,97
5513,100
5514,81
5515,99
5516,99
5517,97
5518,92
5519,96
5520,96
5521,91
5522,88
5523,98
5524,80
5525,99
5526,87
5527,93
5528,100
5529,87
5530,88
5531,97
5532,91
5533,87
5534,95
5535,100
5536,92
5537,97
5538,93
5539,90
5540,99
5541,88
5542,97
5543,94
5544,92
5545,99
5546,100
5547,95
5548,89
5549,95
5550,100
5551,94
5552,100
5553,97
5554,100
5555,91
5556,93
5557,98
5558,98
5559,91
5560,99
5561,93
5562,97
5563,100
5564,98
5565,98
5566,100
5567,92
5568,93
5569,100
5570,92
5571,84
5572,100
5573,94
5574,91
5575,84
5576,98
5577,97
5578,95
5579,90
5580,99
5581,100
5582,93
5583,100
5584,88
5585,99
5586,88
5587,100
5588,98
5589,97
5590,99
5591,100
5592,100
5593,96
5594,97
5595,100
5596,89
5597,92
5598,98
5599,88
5600,98
5601,93
5602,98
5603,97
5604,99
5605,95
5606,100
5607,99
5608,100
5609,98
5610,100
5611,100
5612,93
5613,95
5614,100
5615,97
5616,96
5617,87
5618,98
5619,80
5620,97
5621,97
5622,96
5623,98
5624,94
5625,99
5626,93
5627,95
5628,100
5629,87
5630,100
5631,95
5632,100
5633,97
5634,97
5635,99
5636,95
5637,100
5638,97
5639,99
5640,91
5641,94
5642,94
5643,99
5644,99
5645,80
5646,99
5647,88
5648,92
5649,97
5650,97
5651,99
5652,96
5653,85
5654,98
5655,94
5656,98
5657,89
5658,84
5659,98
5660,99
5661,98
5662,99
5663,97
5664,94
5665,89
5666,97
5667,99
5668,83
5669,100
5670,97
5671,98
5672,99
5673,98
5674,97
5675,97
5676,81
5677,95
5678,97
5679,98
5680,100
5681,98
5682,95
5683,96
5684,85
5685,100
5686,99
5687,92
5688,98
5689,100
5690,90
5691,100
5692,100
5693,99
5694,90
5695,94
5696,94
5697,97
5698,94
5699,100
5700,96
5701,98
5702,99
5703,97
5704,92
5705,100
5706,88
5707,99
5708,93
5709,91
5710,88
5711,98
5712,97
5713,98
5714,98
5715,100
5716,99
5717,100
5718,97
5719,88
5720,90
5721,100
5722,99
5723,93
5724,100
5725,100
5726,96
5727,92
5728,98
5729,95
5730,95
5731,100
5732,99
5733,96
5734,98
5735,98
5736,88
5737,95
5738,95
5739,94
5740,96
5741,99
5742,97
5743,96
5744,100
5745,80
5746,100
5747,94
5748,94
5749,96
5750,95
5751,96
5752,76
5753,94
5754,97
5755,100
5756,97
5757,96
5758,90
5759,99
5760,96
5761,91
5762,85
5763,83
5764,98
5765,100
5766,99
5767,99
5768,97
5769,100
5770,99
5771,98
5772,100
5773,99
5774,100
5775,94
5776,95
5777,94
5778,100
5779,89
5780,95
5781,86
5782,100
5783,94
5784,99
5785,81
5786,99
5787,100
5788,98
5789,99
5790,100
5791,100
5792,99
5793,96
5794,98
5795,95
5796,93
5797,100
5798,100
5799,90
5800,95
5801,99
5802,84
5803,100
5804,89
5805,98
5806,90
5807,98
5808,91
5809,89
5810,96
5811,94
5812,94
5813,94
5814,94
5815,99
5816,94
5817,89
5818,85
5819,96
5820,90
5821,97
5822,99
5823,100
5824,98
5825,99
5826,94
5827,95
5828,91
5829,98
5830,91
5831,100
5832,97
5833,82
5834,96
5835,92
5836,96
5837,98
5838,83
5839,100
5840,100
5841,99
5842,93
5843,99
5844,98
5845,90
5846,98
5847,95
5848,98
5849,87
5850,98
5851,94
5852,98
5853,96
5854,100
5855,98
5856,97
5857,98
5858,91
5859,99
5860,96
5861,96
5862,96
5863,99
5864,90
5865,98
5866,94
5867,95
5868,98
5869,89
5870,93
5871,90
5872,96
5873,98
5874,98
5875,95
5876,99
5877,96
5878,99
5879,94
5880,93
5881,92
5882,93
5883,95
5884,91
5885,100
5886,96
5887,96
5888,91
5889,96
5890,96
5891,97
5892,95
5893,100
5894,92
5895,98
5896,100
5897,98
5898,100
5899,92
5900,96
5901,93
5902,99
5903,97
5904,90
5905,92
5906,100
5907,97
5908,94
5909,99
5910,100
5911,96
5912,98
5913,95
5914,90
5915,94
5916,100
5917,82
5918,100
5919,99
5920,89
5921,87
5922,98
5923,96
5924,94
5925,95
5926,97
5927,100
5928,100
5929,100
5930,100
5931,96
5932,100
5933,90
5934,100
5935,99
5936,99
5937,92
5938,95
5939,96
5940,100
5941,97
5942,99
5943,98
5944,100
5945,100
5946,94
5947,92
5948,97
5949,98
5950,96
5951,96
5952,89
5953,95
5954,100
5955,97
5956,81
5957,98
5958,86
5959,99
5960,87
5961,94
5962,100
5963,100
5964,100
5965,100
5966,92
5967,91
5968,98
5969,99
5970,98
5971,100
5972,96
5973,91
5974,97
5975,82
5976,94
5977,95
5978,95
5979,100
5980,99
5981,100
5982,99
5983,89
5984,96
5985,95
5986,94
5987,92
5988,96
5989,86
5990,100
5991,100
5992,74
5993,100
5994,95
5995,100
5996,100
5997,98
5998,96
5999,98
6000,96
6001,96
6002,98
6003,98
6004,96
6005,97
6006,92
6007,91
6008,96
6009,90
6010,82
6011,92
6012,99
6013,97
6014,100
6015,91
6016,91
6017,97
6018,99
6019,98
6020,100
6021,97
6022,80
6023,98
6024,98
6025,100
6026,98
6027,99
6028,96
6029,94
6030,99
6031,98
6032,93
6033,100
6034,99
6035,99
6036,100
6037,96
6038,98
6039,99
6040,100
6041,95
6042,95
6043,98
6044,96
6045,93
6046,82
6047,92
6048,94
6049,99
6050,99
6051,100
6052,100
6053,98
6054,100
6055,96
6056,95
6057,81
6058,98
6059,97
6060,97
6061,97
6062,93
6063,94
6064,99
6065,84
6066,94
6067,94
6068,97
6069,98
6070,95
6071,100
6072,99
6073,91
6074,70
6075,97
6076,92
6077,91
6078,96
6079,95
6080,100
6081,96
6082,92
6083,92
6084,93
6085,92
6086,95
6087,99
6088,94
6089,82
6090,96
6091,96
6092,100
6093,94
6094,95
6095,90
6096,99
6097,93
6098,100
6099,100
6100,97
6101,98
6102,100
6103,94
6104,97
6105,100
6106,96
6107,97
6108,100
6109,96
6110,91
6111,98
6112,89
6113,92
6114,87
6115,97
6116,90
6117,98
6118,92
6119,99
6120,100
6121,100
6122,97
6123,96
6124,99
6125,83
6126,92
6127,93
6128,89
6129,97
6130,96
6131,83
6132,96
6133,97
6134,98
6135,95
6136,84
6137,97
6138,85
6139,97
6140,88
6141,96
6142,99
6143,89
6144,96
6145,90
6146,96
6147,98
6148,97
6149,94
6150,98
6151,95
6152,96
6153,99
6154,100
6155,95
6156,95
6157,100
6158,96
6159,99
6160,90
6161,87
6162,93
6163,92
6164,97
6165,96
6166,91
6167,99
6168,97
6169,93
6170,100
6171,99
6172,99
6173,100
6174,97
6175,96
6176,91
6177,90
6178,95
6179,99
6180,100
6181,97
6182,100
6183,97
6184,100
6185,98
6186,80
6187,88
6188,98
6189,98
6190,91
6191,92
6192,99
6193,97
6194,100
6195,94
6196,82
6197,98
6198,99
6199,99
6200,93
6201,91
6202,100
6203,98
6204,98
6205,100
6206,95
6207,86
6208,82
6209,97
6210,97
6211,97
6212,97
6213,86
6214,95
6215,99
6216,100
6217,96
6218,93
6219,90
6220,100
6221,93
6222,94
6223,99
6224,79
6225,99
6226,92
6227,96
6228,96
6229,99
6230,92
6231,98
6232,99
6233,95
6234,100
6235,90
6236,97
6237,99
6238,99
6239,98
6240,100
6241,98
6242,92
6243,96
6244,95
6245,92
6246,96
6247,96
6248,89
6249,96
6250,95
6251,99
6252,98
6253,98
6254,96
6255,100
6256,88
6257,99
6258,94
6259,98
6260,95
6261,99
6262,99
6263,89
6264,84
6265,100
6266,96
6267,94
6268,92
6269,92
6270,97
6271,95
6272,94
6273,90
6274,97
6275,97
6276,98
6277,96
6278,94
6279,93
6280,91
6281,96
6282,95
6283,100
6284,98
6285,100
6286,91
6287,100
6288,87
6289,97
6290,100
6291,98
6292,87
6293,100
6294,100
6295,90
6296,98
6297,100
6298,93
6299,97
6300,100
6301,98
6302,99
6303,99
6304,91
6305,98
6306,99
6307,96
6308,98
6309,97
6310,87
6311,97
6312,85
6313,100
6314,100
6315,90
6316,87
6317,93
6318,78
6319,100
6320,97
6321,94
6322,100
6323,98
6324,99
6325,100
6326,95
6327,96
6328,100
6329,96
6330,92
6331,93
6332,94
6333,90
6334,98
6335,96
6336,100
6337,86
6338,99
6339,94
6340,84
6341,96
6342,92
6343,94
6344,97
6345,90
6346,99
6347,99
6348,95
6349,100
6350,96
6351,100
6352,88
6353,100
6354,98
6355,96
6356,86
6357,99
6358,100
6359,98
6360,88
6361,97
6362,100
6363,95
6364,97
6365,95
6366,100
6367,99
6368,99
6369,94
6370,88
6371,94
6372,90
6373,100
6374,97
6375,99
6376,80
6377,95
6378,92
6379,98
6380,95
6381,90
6382,90
6383,97
6384,99
6385,98
6386,100
6387,84
6388,98
6389,98
6390,96
6391,97
6392,93
6393,100
6394,100
6395,100
6396,100
6397,85
6398,93
6399,96
6400,98
6401,95
6402,99
6403,92
6404,97
6405,88
6406,92
6407,91
6408,97
6409,100
6410,99
6411,96
6412,98
6413,100
6414,100
6415,100
6416,93
6417,93
6418,98
6419,99
6420,97
6421,90
6422,97
6423,98
6424,99
6425,99
6426,98
6427,98
6428,95
6429,97
6430,97
6431,97
6432,84
6433,95
6434,99
6435,98
6436,100
6437,95
6438,96
6439,100
6440,98
6441,96
6442,91
6443,100
6444,97
6445,99
6446,99
6447,97
6448,97
6449,96
6450,96
6451,97
6452,99
6453,97
6454,85
6455,96
6456,100
6457,99
6458,85
6459,98
6460,100
6461,98
6462,100
6463,99
6464,100
6465,100
6466,91
6467,98
6468,92
6469,100
6470,94
6471,98
6472,99
6473,100
6474,99
6475,95
6476,98
6477,96
6478,96
6479,99
6480,85
6481,75
6482,99
6483,100
6484,85
6485,91
6486,95
6487,95
6488,100
6489,96
6490,91
6491,89
6492,100
6493,82
6494,92
6495,99
6496,97
6497,98
6498,87
6499,97
6500,97
6501,100
6502,95
6503,93
6504,91
6505,96
6506,96
6507,100
6508,99
6509,98
6510,97
6511,86
6512,100
6513,99
6514,94
6515,100
6516,96
6517,67
6518,99
6519,87
6520,92
6521,98
6522,100
6523,87
6524,94
6525,99
6526,91
6527,93
6528,82
6529,94
6530,100
6531,100
6532,97
6533,89
6534,97
6535,96
6536,95
6537,98
6538,98
6539,100
6540,100
6541,99
6542,97
6543,97
6544,97
6545,99
6546,96
6547,97
6548,98
6549,91
6550,100
6551,92
6552,94
6553,100
6554,100
6555,95
6556,96
6557,97
6558,98
6559,100
6560,98
6561,81
6562,96
6563,93
6564,93
6565,100
6566,92
6567,100
6568,91
6569,95
6570,100
6571,91
6572,96
6573,97
6574,99
6575,98
6576,97
6577,93
6578,100
6579,96
6580,100
6581,97
6582,98
6583,96
6584,100
6585,91
6586,97
6587,97
6588,94
6589,100
6590,94
6591,94
6592,100
6593,93
6594,99
6595,92
6596,99
6597,100
6598,100
6599,96
6600,97
6601,100
6602,95
6603,99
6604,96
6605,99
6606,97
6607,89
6608,96
6609,92
6610,95
6611,91
6612,95
6613,98
6614,100
6615,94
6616,99
6617,99
6618,98
6619,95
6620,94
6621,99
6622,98
6623,98
6624,87
6625,100
6626,92
6627,95
6628,98
6629,90
6630,97
6631,95
6632,93
6633,96
6634,100
6635,93
6636,89
6637,93
6638,100
6639,93
6640,99
6641,100
6642,94
6643,100
6644,97
6645,99
6646,87
6647,97
6648,94
6649,98
6650,97
6651,99
6652,97
6653,97
6654,97
6655,91
6656,97
6657,98
6658,95
6659,82
6660,99
6661,100
6662,96
6663,98
6664,93
6665,86
6666,97
6667,98
6668,87
6669,99
6670,94
6671,93
6672,77
6673,100
6674,97
6675,98
6676,88
6677,95
6678,95
6679,89
6680,94
6681,97
6682,99
6683,98
6684,100
6685,93
6686,96
6687,93
6688,98
6689,99
6690,98
6691,95
6692,77
6693,99
6694,94
6695,97
6696,78
6697,91
6698,96
6699,98
6700,89
6701,100
6702,91
6703,99
6704,100
6705,95
6706,96
6707,86
6708,99
6709,95
6710,99
6711,91
6712,93
6713,97
6714,99
6715,91
6716,95
6717,97
6718,99
6719,96
6720,82
6721,96
6722,91
6723,84
6724,100
6725,98
6726,96
6727,95
6728,94
6729,97
6730,89
6731,100
6732,97
6733,80
6734,99
6735,98
6736,98
6737,99
6738,84
6739,99
6740,96
6741,90
6742,92
6743,92
6744,81
6745,96
6746,69
6747,92
6748,97
6749,100
6750,87
6751,98
6752,99
6753,91
6754,99
6755,100
6756,100
6757,88
6758,97
6759,97
6760,92
6761,98
6762,85
6763,98
6764,100
6765,90
6766,92
6767,100
6768,97
6769,95
6770,96
6771,98
6772,95
6773,98
6774,100
6775,99
6776,98
6777,93
6778,92
6779,93
6780,96
6781,99
6782,97
6783,94
6784,96
6785,96
6786,95
6787,99
6788,98
6789,86
6790,99
6791,95
6792,92
6793,96
6794,88
6795,99
6796,95
6797,100
6798,89
6799,99
6800,91
6801,94
6802,97
6803,95
6804,89
6805,95
6806,95
6807,99
6808,97
6809,96
6810,90
6811,100
6812,94
6813,98
6814,89
6815,99
6816,95
6817,100
6818,87
6819,96
6820,94
6821,100
6822,96
6823,83
6824,98
6825,97
6826,100
6827,100
6828,97
6829,99
6830,97
6831,99
6832,93
6833,100
6834,98
6835,99
6836,100
6837,95
6838,96
6839,98
6840,80
6841,100
6842,92
6843,96
6844,100
6845,94
6846,94
6847,92
6848,100
6849,98
6850,98
6851,100
6852,94
6853,90
6854,100
6855,98
6856,100
6857,93
6858,100
6859,90
6860,91
6861,84
6862,92
6863,96
6864,91
6865,97
6866,94
6867,96
6868,100
6869,99
6870,99
6871,96
6872,92
6873,96
6874,100
6875,97
6876,100
6877,100
6878,99
6879,97
6880,97
6881,97
6882,100
6883,99
6884,96
6885,97
6886,96
6887,86
6888,95
6889,96
6890,100
6891,98
6892,98
6893,89
6894,95
6895,100
6896,98
6897,91
6898,100
6899,96
6900,97
6901,91
6902,98
6903,92
6904,87
6905,98
6906,94
6907,99
6908,98
6909,99
6910,97
6911,94
6912,97
6913,98
6914,97
6915,92
6916,95
6917,100
6918,100
6919,95
6920,97
6921,87
6922,99
6923,95
6924,93
6925,95
6926,98
6927,98
6928,83
6929,94
6930,81
6931,86
6932,98
6933,96
6934,96
6935,98
6936,83
6937,96
6938,95
6939,98
6940,92
6941,100
6942,100
6943,99
6944,94
6945,100
6946,93
6947,95
6948,100
6949,99
6950,98
6951,99
6952,100
6953,96
6954,100
6955,99
6956,97
6957,94
6958,99
6959,99
6960,89
6961,100
6962,83
6963,100
6964,99
6965,99
6966,93
6967,97
6968,100
6969,92
6970,93
6971,92
6972,88
6973,98
6974,96
6975,98
6976,95
6977,94
6978,88
6979,99
6980,89
6981,96
6982,96
6983,90
6984,91
6985,90
6986,95
6987,100
6988,94
6989,92
6990,98
6991,100
6992,94
6993,99
6994,100
6995,99
6996,81
6997,98
6998,100
6999,98
7000,100
7001,91
7002,93
7003,98
7004,97
7005,90
7006,99
7007,99
7008,99
7009,93
7010,78
7011,100
7012,97
7013,97
7014,97
7015,92
7016,92
7017,98
7018,95
7019,99
7020,99
7021,97
7022,100
7023,95
7024,90
7025,96
7026,95
7027,98
7028,100
7029,99
7030,95
7031,99
7032,94
7033,97
7034,99
7035,85
7036,94
7037,97
7038,94
7039,100
7040,99
7041,99
7042,96
7043,96
7044,97
7045,93
7046,97
7047,99
7048,99
7049,91
7050,92
7051,93
7052,96
7053,99
7054,100
7055,84
7056,100
7057,88
7058,97
7059,99
7060,100
7061,79
7062,96
7063,92
7064,93
7065,100
7066,97
7067,100
7068,93
7069,100
7070,99
7071,100
7072,80
7073,95
7074,97
7075,99
7076,96
7077,100
7078,98
7079,86
7080,92
7081,96
7082,98
7083,91
7084,97
7085,99
7086,99
7087,99
7088,100
7089,97
7090,99
7091,98
7092,97
7093,91
7094,100
7095,93
7096,95
7097,100
7098,99
7099,100
7100,92
7101,96
7102,85
7103,94
7104,98
7105,95
7106,99
7107,99
7108,89
7109,93
7110,89
7111,92
7112,93
7113,98
7114,98
7115,92
7116,97
7117,98
7118,97
7119,94
7120,99
7121,99
7122,94
7123,100
7124,80
7125,100
7126,100
7127,99
7128,99
7129,97
7130,100
7131,99
7132,91
7133,79
7134,92
7135,100
7136,93
7137,99
7138,98
7139,98
7140,95
7141,82
7142,97
7143,84
7144,87
7145,98
7146,99
7147,97
7148,100
7149,93
7150,93
7151,97
7152,88
7153,98
7154,99
7155,98
7156,93
7157,96
7158,94
7159,94
7160,93
7161,84
7162,79
7163,88
7164,96
7165,97
7166,100
7167,84
7168,94
7169,96
7170,99
7171,98
7172,94
7173,96
7174,97
7175,100
7176,96
7177,96
7178,95
7179,100
7180,95
7181,95
7182,98
7183,97
7184,97
7185,99
7186,96
7187,99
7188,99
7189,85
7190,93
7191,97
7192,99
7193,92
7194,99
7195,97
7196,98
7197,98
7198,92
7199,100
7200,100
7201,98
7202,92
7203,97
7204,97
7205,94
7206,99
7207,100
7208,98
7209,99
7210,96
7211,94
7212,92
7213,96
7214,97
7215,96
7216,83
7217,93
7218,91
7219,95
7220,97
7221,99
7222,91
7223,89
7224,95
7225,98
7226,94
7227,95
7228,86
7229,100
7230,97
7231,100
7232,99
7233,91
7234,99
7235,100
7236,93
7237,100
7238,95
7239,86
7240,97
7241,93
7242,95
7243,100
7244,96
7245,85
7246,99
7247,96
7248,76
7249,98
7250,97
7251,94
7252,99
7253,98
7254,91
7255,91
7256,98
7257,97
7258,86
7259,91
7260,95
7261,98
7262,97
7263,100
7264,92
7265,100
7266,98
7267,83
7268,97
7269,97
7270,100
7271,97
7272,98
7273,98
7274,83
7275,100
7276,96
7277,94
7278,100
7279,91
7280,91
7281,94
7282,98
7283,99
7284,92
7285,94
7286,98
7287,100
7288,98
7289,99
7290,95
7291,90
7292,91
7293,86
7294,95
7295,95
7296,93
7297,98
7298,100
7299,92
7300,98
7301,97
7302,97
7303,100
7304,95
7305,91
7306,89
7307,95
7308,91
7309,97
7310,99
7311,98
7312,99
7313,72
7314,97
7315,87
7316,99
7317,100
7318,96
7319,100
7320,88
7321,99
7322,82
7323,99
7324,92
7325,93
7326,100
7327,86
7328,99
7329,87
7330,92
7331,73
7332,96
7333,94
7334,100
7335,98
7336,98
7337,93
7338,94
7339,99
7340,92
7341,100
7342,96
7343,97
7344,95
7345,95
7346,100
7347,91
7348,97
7349,99
7350,97
7351,99
7352,100
7353,98
7354,97
7355,100
7356,99
7357,95
7358,97
7359,98
7360,100
7361,86
7362,99
7363,100
7364,93
7365,93
7366,100
7367,100
7368,89
7369,97
7370,99
7371,97
7372,98
7373,95
7374,97
7375,91
7376,95
7377,100
7378,79
7379,88
7380,96
7381,90
7382,97
7383,100
7384,96
7385,100
7386,97
7387,95
7388,96
7389,91
7390,89
7391,100
7392,97
7393,100
7394,93
7395,91
7396,97
7397,96
7398,98
7399,99
7400,95
7401,92
7402,89
7403,98
7404,89
7405,91
7406,95
7407,98
7408,100
7409,94
7410,100
7411,100
7412,84
7413,99
7414,100
7415,94
7416,96
7417,93
7418,99
7419,92
7420,92
7421,90
7422,63
7423,100
7424,96
7425,99
7426,96
7427,100
7428,98
7429,100
7430,89
7431,97
7432,92
7433,99
7434,99
7435,98
7436,97
7437,97
7438,100
7439,91
7440,98
7441,98
7442,100
7443,95
7444,79
7445,92
7446,90
7447,100
7448,97
7449,100
7450,99
7451,92
7452,98
7453,99
7454,100
7455,93
7456,90
7457,99
7458,99
7459,71
7460,100
7461,96
7462,90
7463,85
7464,95
7465,93
7466,99
7467,90
7468,98
7469,98
7470,100
7471,98
7472,95
7473,90
7474,95
7475,97
7476,100
7477,100
7478,99
7479,100
7480,100
7481,96
7482,92
7483,96
7484,87
7485,89
7486,95
7487,100
7488,95
7489,97
7490,89
7491,80
7492,100
7493,99
7494,96
7495,95
7496,99
7497,99
7498,93
7499,100
7500,100
7501,94
7502,72
7503,83
7504,99
7505,81
7506,99
7507,96
7508,94
7509,100
7510,89
7511,99
7512,96
7513,99
7514,100
7515,94
7516,100
7517,88
7518,94
7519,81
7520,100
7521,100
7522,96
7523,98
7524,100
7525,77
7526,99
7527,100
7528,100
7529,100
7530,96
7531,96
7532,79
7533,95
7534,100
7535,81
7536,93
7537,94
7538,99
7539,86
7540,89
7541,93
7542,94
7543,96
7544,96
7545,98
7546,100
7547,99
7548,99
7549,96
7550,96
7551,99
7552,99
7553,97
7554,100
7555,99
7556,98
7557,100
7558,94
7559,99
7560,97
7561,100
7562,93
7563,100
7564,99
7565,99
7566,94
7567,98
7568,99
7569,99
7570,97
7571,99
7572,100
7573,93
7574,89
7575,100
7576,91
7577,97
7578,98
7579,92
7580,98
7581,98
7582,100
7583,99
7584,89
7585,92
7586,99
7587,94
7588,100
7589,96
7590,97
7591,96
7592,99
7593,97
7594,88
7595,93
7596,91
7597,90
7598,98
7599,99
7600,95
7601,95
7602,96
7603,90
7604,91
7605,100
7606,86
7607,94
7608,98
7609,88
7610,100
7611,91
7612,96
7613,93
7614,100
7615,97
7616,98
7617,96
7618,98
7619,94
7620,90
7621,99
7622,94
7623,95
7624,96
7625,91
7626,100
7627,97
7628,97
7629,100
7630,97
7631,100
7632,99
7633,89
7634,99
7635,86
7636,92
7637,98
7638,99
7639,99
7640,91
7641,93
7642,93
7643,99
7644,100
7645,82
7646,96
7647,96
7648,100
7649,84
7650,98
7651,98
7652,93
7653,98
7654,97
7655,97
7656,100
7657,90
7658,100
7659,100
7660,90
7661,94
7662,100
7663,100
7664,89
7665,85
7666,100
7667,100
7668,92
7669,99
7670,99
7671,99
7672,89
7673,83
7674,94
7675,96
7676,100
7677,98
7678,91
7679,97
7680,97
7681,98
7682,100
7683,100
7684,88
7685,97
7686,100
7687,94
7688,93
7689,99
7690,88
7691,100
7692,100
7693,86
7694,95
7695,97
7696,92
7697,100
7698,98
7699,93
7700,98
7701,96
7702,100
7703,93
7704,100
7705,90
7706,99
7707,100
7708,97
7709,95
7710,98
7711,97
7712,98
7713,100
7714,100
7715,88
7716,98
7717,100
7718,97
7719,88
7720,100
7721,99
7722,97
7723,88
7724,93
7725,81
7726,98
7727,100
7728,89
7729,92
7730,95
7731,98
7732,93
7733,92
7734,95
7735,90
7736,96
7737,97
7738,94
7739,91
7740,76
7741,93
7742,97
7743,86
7744,93
7745,80
7746,91
7747,95
7748,76
7749,95
7750,97
7751,89
7752,90
7753,96
7754,100
7755,99
7756,93
7757,96
7758,94
7759,97
7760,99
7761,98
7762,96
7763,85
7764,89
7765,100
7766,90
7767,87
7768,95
7769,86
7770,100
7771,96
7772,94
7773,96
7774,96
7775,97
7776,86
7777,99
7778,95
7779,97
7780,99
7781,97
7782,100
7783,100
7784,97
7785,97
7786,96
7787,98
7788,86
7789,100
7790,100
7791,94
7792,88
7793,95
7794,99
7795,98
7796,93
7797,97
7798,96
7799,97
7800,100
7801,92
7802,100
7803,93
7804,93
7805,81
7806,99
7807,100
7808,94
7809,91
7810,80
7811,98
7812,95
7813,98
7814,100
7815,98
7816,93
7817,96
7818,100
7819,91
7820,96
7821,98
7822,95
7823,98
7824,96
7825,96
7826,80
7827,75
7828,99
7829,100
7830,100
7831,79
7832,97
7833,96
7834,92
7835,97
7836,98
7837,87
7838,93
7839,99
7840,98
7841,85
7842,89
7843,100
7844,94
7845,93
7846,98
7847,94
7848,100
7849,93
7850,91
7851,98
7852,100
7853,100
7854,100
7855,96
7856,87
7857,91
7858,97
7859,100
7860,89
7861,94
7862,96
7863,99
7864,94
7865,100
7866,98
7867,99
7868,99
7869,94
7870,98
7871,100
7872,100
7873,97
7874,100
7875,100
7876,89
7877,95
7878,98
7879,100
7880,97
7881,99
7882,100
7883,95
7884,97
7885,100
7886,98
7887,92
7888,100
7889,86
7890,100
7891,96
7892,98
7893,95
7894,100
7895,98
7896,99
7897,98
7898,100
7899,98
7900,89
7901,88
7902,97
7903,99
7904,85
7905,96
7906,89
7907,99
7908,99
7909,93
7910,93
7911,90
7912,97
7913,97
7914,100
7915,100
7916,89
7917,100
7918,96
7919,96
7920,93
7921,95
7922,100
7923,99
7924,80
7925,88
7926,99
7927,96
7928,93
7929,100
7930,100
7931,100
7932,98
7933,97
7934,95
7935,95
7936,96
7937,95
7938,100
7939,100
7940,100
7941,95
7942,99
7943,97
7944,91
7945,96
7946,89
7947,99
7948,97
7949,93
7950,98
7951,98
7952,100
7953,97
7954,100
7955,98
7956,98
7957,97
7958,97
7959,86
7960,98
7961,94
7962,98
7963,97
7964,97
7965,90
7966,93
7967,96
7968,97
7969,98
7970,98
7971,100
7972,90
7973,93
7974,95
7975,98
7976,100
7977,96
7978,100
7979,98
7980,100
7981,100
7982,98
7983,98
7984,89
7985,95
7986,61
7987,99
7988,95
7989,99
7990,86
7991,98
7992,98
7993,100
7994,97
7995,96
7996,99
7997,92
7998,98
7999,96
8000,100
8001,99
8002,94
8003,98
8004,97
8005,100
8006,93
8007,92
8008,98
8009,97
8010,81
8011,96
8012,98
8013,100
8014,89
8015,97
8016,99
8017,87
8018,100
8019,93
8020,100
8021,96
8022,98
8023,93
8024,98
8025,99
8026,93
8027,99
8028,99
8029,96
8030,99
8031,96
8032,92
8033,99
8034,94
8035,97
8036,97
8037,78
8038,77
8039,100
8040,100
8041,91
8042,100
8043,93
8044,96
8045,95
8046,92
8047,94
8048,99
8049,99
8050,100
8051,97
8052,100
8053,93
8054,98
8055,87
8056,98
8057,92
8058,98
8059,96
8060,93
8061,93
8062,79
8063,85
8064,95
8065,85
8066,90
8067,98
8068,100
8069,86
8070,93
8071,98
8072,98
8073,98
8074,100
8075,95
8076,97
8077,96
8078,94
8079,70
8080,97
8081,98
8082,100
8083,93
8084,98
8085,94
8086,100
8087,97
8088,93
8089,70
8090,93
8091,98
8092,96
8093,99
8094,91
8095,89
8096,99
8097,94
8098,97
8099,100
8100,94
8101,99
8102,88
8103,98
8104,98
8105,99
8106,97
8107,100
8108,95
8109,94
8110,93
8111,88
8112,98
8113,100
8114,97
8115,99
8116,99
8117,100
8118,95
8119,100
8120,92
8121,94
8122,97
8123,84
8124,96
8125,95
8126,99
8127,87
8128,99
8129,97
8130,97
8131,98
8132,92
8133,98
8134,93
8135,94
8136,91
8137,100
8138,98
8139,97
8140,97
8141,93
8142,94
8143,97
8144,99
8145,99
8146,100
8147,92
8148,99
8149,93
8150,100
8151,99
8152,99
8153,99
8154,91
8155,78
8156,93
8157,100
8158,99
8159,93
8160,86
8161,89
8162,100
8163,95
8164,100
8165,89
8166,81
8167,100
8168,100
8169,100
8170,99
8171,99
8172,99
8173,99
8174,97
8175,92
8176,97
8177,99
8178,100
8179,99
8180,100
8181,84
8182,96
8183,89
8184,97
8185,95
8186,99
8187,100
8188,97
8189,98
8190,98
8191,99
8192,91
8193,95
8194,100
8195,92
8196,95
8197,97
8198,99
8199,89
8200,93
8201,100
8202,97
8203,100
8204,97
8205,85
8206,93
8207,96
8208,98
8209,91
8210,94
8211,90
8212,91
8213,97
8214,96
8215,99
8216,95
8217,98
8218,84
8219,94
8220,100
8221,92
8222,97
8223,100
8224,100
8225,100
8226,99
8227,98
8228,96
8229,98
8230,98
8231,94
8232,100
8233,100
8234,96
8235,96
8236,90
8237,89
8238,82
8239,100
8240,90
8241,99
8242,97
8243,99
8244,100
8245,98
8246,100
8247,100
8248,93
8249,92
8250,93
8251,95
8252,99
8253,93
8254,94
8255,95
8256,97
8257,100
8258,96
8259,99
8260,99
8261,96
8262,89
8263,98
8264,96
8265,91
8266,98
8267,98
8268,75
8269,96
8270,84
8271,100
8272,94
8273,100
8274,99
8275,96
8276,94
8277,95
8278,94
8279,89
8280,95
8281,99
8282,95
8283,98
8284,89
8285,100
8286,99
8287,98
8288,97
8289,100
8290,95
8291,97
8292,96
8293,96
8294,89
8295,96
8296,100
8297,99
8298,93
8299,100
8300,97
8301,100
8302,96
8303,92
8304,94
8305,94
8306,94
8307,94
8308,97
8309,100
8310,90
8311,99
8312,98
8313,99
8314,100
8315,89
8316,99
8317,96
8318,100
8319,100
8320,91
8321,99
8322,92
8323,95
8324,96
8325,99
8326,98
8327,89
8328,93
8329,100
8330,100
8331,73
8332,77
8333,95
8334,89
8335,84
8336,100
8337,85
8338,96
8339,87
8340,97
8341,100
8342,95
8343,100
8344,91
8345,89
8346,91
8347,99
8348,93
8349,97
8350,90
8351,80
8352,91
8353,98
8354,90
8355,91
8356,96
8357,99
8358,98
8359,99
8360,89
8361,92
8362,99
8363,98
8364,94
8365,100
8366,98
8367,91
8368,92
8369,99
8370,87
8371,91
8372,100
8373,99
8374,96
8375,72
8376,95
8377,99
8378,99
8379,92
8380,90
8381,90
8382,100
8383,99
8384,92
8385,93
8386,97
8387,89
8388,94
8389,94
8390,100
8391,100
8392,100
8393,89
8394,100
8395,100
8396,99
8397,86
8398,95
8399,90
8400,85
8401,100
8402,97
8403,95
8404,100
8405,86
8406,98
8407,92
8408,90
8409,93
8410,96
8411,91
8412,82
8413,90
8414,94
8415,94
8416,99
8417,86
8418,98
8419,100
8420,100
8421,98
8422,98
8423,100
8424,100
8425,96
8426,90
8427,92
8428,89
8429,99
8430,98
8431,91
8432,89
8433,97
8434,97
8435,98
8436,99
8437,92
8438,96
8439,86
8440,94
8441,91
8442,95
8443,100
8444,87
8445,100
8446,92
8447,99
8448,99
8449,94
8450,100
8451,99
8452,99
8453,97
8454,96
8455,98
8456,100
8457,96
8458,98
8459,99
8460,89
8461,95
8462,97
8463,93
8464,89
8465,97
8466,95
8467,88
8468,99
8469,95
8470,91
8471,98
8472,85
8473,88
8474,97
8475,100
8476,98
8477,100
8478,82
8479,98
8480,100
8481,91
8482,100
8483,99
8484,95
8485,95
8486,100
8487,85
8488,97
8489,92
8490,100
8491,98
8492,99
8493,93
8494,97
8495,99
8496,99
8497,95
8498,83
8499,100
8500,94
8501,97
8502,97
8503,99
8504,90
8505,97
8506,100
8507,99
8508,95
8509,98
8510,100
8511,86
8512,100
8513,98
8514,90
8515,98
8516,100
8517,89
8518,100
8519,95
8520,99
8521,89
8522,99
8523,99
8524,96
8525,98
8526,100
8527,96
8528,96
8529,90
8530,100
8531,96
8532,97
8533,99
8534,93
8535,87
8536,74
8537,95
8538,97
8539,100
8540,100
8541,98
8542,98
8543,99
8544,86
8545,98
8546,99
8547,97
8548,93
8549,87
8550,93
8551,92
8552,95
8553,99
8554,100
8555,96
8556,96
8557,91
8558,99
8559,96
8560,85
8561,96
8562,95
8563,99
8564,99
8565,90
8566,95
8567,98
8568,99
8569,98
8570,99
8571,86
8572,97
8573,97
8574,96
8575,97
8576,98
8577,98
8578,98
8579,99
8580,98
8581,85
8582,97
8583,94
8584,97
8585,98
8586,94
8587,84
8588,98
8589,97
8590,99
8591,88
8592,100
8593,98
8594,97
8595,100
8596,91
8597,91
8598,98
8599,96
8600,95
8601,85
8602,89
8603,96
8604,100
8605,100
8606,100
8607,96
8608,97
8609,100
8610,97
8611,96
8612,99
8613,97
8614,94
8615,100
8616,96
8617,100
8618,100
8619,100
8620,99
8621,97
8622,93
8623,89
8624,89
8625,91
8626,98
8627,84
8628,100
8629,96
8630,94
8631,89
8632,92
8633,100
8634,98
8635,98
8636,88
8637,96
8638,98
8639,97
8640,92
8641,93
8642,90
8643,87
8644,97
8645,91
8646,95
8647,99
8648,94
8649,100
8650,90
8651,97
8652,96
8653,96
8654,100
8655,99
8656,85
8657,100
8658,83
8659,91
8660,88
8661,99
8662,97
8663,94
8664,81
8665,99
8666,97
8667,93
8668,95
8669,63
8670,96
8671,97
8672,95
8673,97
8674,94
8675,89
8676,82
8677,98
8678,100
8679,95
8680,100
8681,94
8682,95
8683,100
8684,96
8685,96
8686,96
8687,96
8688,92
8689,100
8690,98
8691,90
8692,99
8693,99
8694,92
8695,99
8696,100
8697,92
8698,97
8699,99
8700,97
8701,98
8702,100
8703,100
8704,98
8705,87
8706,100
8707,91
8708,95
8709,100
8710,95
8711,97
8712,99
8713,98
8714,95
8715,96
8716,95
8717,96
8718,100
8719,95
8720,89
8721,100
8722,96
8723,100
8724,97
8725,98
8726,97
8727,87
8728,97
8729,98
8730,99
8731,91
8732,81
8733,97
8734,99
8735,100
8736,100
8737,91
8738,96
8739,97
8740,98
8741,97
8742,85
8743,94
8744,100
8745,90
8746,99
8747,99
8748,98
8749,100
8750,99
8751,100
8752,97
8753,97
8754,100
8755,99
8756,99
8757,92
8758,100
8759,97
8760,77
8761,96
8762,100
8763,94
8764,97
8765,98
8766,93
8767,100
8768,100
8769,91
8770,99
8771,92
8772,86
8773,100
8774,98
8775,99
8776,93
8777,91
8778,99
8779,96
8780,97
8781,98
8782,96
8783,100
8784,89
8785,98
8786,100
8787,100
8788,94
8789,97
8790,100
8791,93
8792,99
8793,98
8794,99
8795,94
8796,100
8797,97
8798,100
8799,97
8800,97
8801,86
8802,98
8803,83
8804,100
8805,95
8806,96
8807,97
8808,100
8809,95
8810,80
8811,99
8812,98
8813,96
8814,99
8815,100
8816,98
8817,100
8818,99
8819,97
8820,100
8821,99
8822,97
8823,100
8824,94
8825,88
8826,96
8827,96
8828,80
8829,97
8830,84
8831,100
8832,95
8833,89
8834,100
8835,95
8836,98
8837,98
8838,96
8839,96
8840,100
8841,88
8842,100
8843,89
8844,99
8845,100
8846,91
8847,95
8848,98
8849,99
8850,100
8851,96
8852,97
8853,95
8854,99
8855,98
8856,96
8857,94
8858,89
8859,100
8860,99
8861,100
8862,97
8863,99
8864,97
8865,95
8866,81
8867,99
8868,100
8869,90
8870,97
8871,85
8872,84
8873,99
8874,88
8875,98
8876,98
8877,94
8878,79
8879,100
8880,98
8881,99
8882,97
8883,100
8884,98
8885,89
8886,95
8887,98
8888,95
8889,92
8890,98
8891,86
8892,96
8893,95
8894,89
8895,100
8896,98
8897,99
8898,100
8899,97
8900,88
8901,100
8902,92
8903,89
8904,93
8905,93
8906,99
8907,90
8908,96
8909,97
8910,91
8911,90
8912,99
8913,99
8914,97
8915,82
8916,94
8917,99
8918,92
8919,87
8920,96
8921,96
8922,100
8923,89
8924,99
8925,98
8926,87
8927,97
8928,93
8929,94
8930,97
8931,97
8932,98
8933,92
8934,95
8935,100
8936,95
8937,98
8938,90
8939,100
8940,90
8941,99
8942,99
8943,92
8944,96
8945,99
8946,88
8947,99
8948,94
8949,91
8950,100
8951,99
8952,99
8953,97
8954,84
8955,94
8956,89
8957,99
8958,100
8959,93
8960,97
8961,100
8962,95
8963,98
8964,100
8965,94
8966,96
8967,98
8968,97
8969,94
8970,99
8971,93
8972,86
8973,93
8974,99
8975,94
8976,88
8977,100
8978,96
8979,95
8980,97
8981,100
8982,95
8983,99
8984,100
8985,99
8986,98
8987,99
8988,93
8989,99
8990,99
8991,92
8992,84
8993,94
8994,97
8995,91
8996,100
8997,99
8998,98
8999,94
9000,96
9001,97
9002,99
9003,95
9004,97
9005,99
9006,100
9007,97
9008,98
9009,99
9010,84
9011,98
9012,94
9013,98
9014,89
9015,95
9016,100
9017,96
9018,94
9019,100
9020,98
9021,99
9022,100
9023,100
9024,99
9025,95
9026,96
9027,92
9028,99
9029,100
9030,81
9031,98
9032,99
9033,91
9034,100
9035,97
9036,96
9037,86
9038,84
9039,100
9040,100
9041,99
9042,92
9043,100
9044,88
9045,89
9046,99
9047,100
9048,96
9049,98
9050,99
9051,87
9052,98
9053,99
9054,100
9055,98
9056,95
9057,100
9058,98
9059,97
9060,100
9061,100
9062,100
9063,100
9064,80
9065,98
9066,94
9067,100
9068,95
9069,94
9070,98
9071,100
9072,100
9073,96
9074,100
9075,97
9076,91
9077,100
9078,87
9079,99
9080,98
9081,99
9082,89
9083,98
9084,96
9085,100
9086,97
9087,100
9088,100
9089,91
9090,98
9091,97
9092,90
9093,97
9094,93
9095,97
9096,98
9097,96
9098,98
9099,100
9100,97
9101,89
9102,93
9103,82
9104,98
9105,99
9106,99
9107,97
9108,97
9109,97
9110,88
9111,87
9112,99
9113,99
9114,99
9115,93
9116,96
9117,100
9118,100
9119,96
9120,99
9121,95
9122,99
9123,89
9124,97
9125,94
9126,100
9127,99
9128,93
9129,99
9130,96
9131,96
9132,99
9133,98
9134,77
9135,94
9136,96
9137,100
9138,98
9139,100
9140,94
9141,96
9142,98
9143,99
9144,90
9145,93
9146,93
9147,100
9148,99
9149,98
9150,100
9151,91
9152,94
9153,96
9154,100
9155,96
9156,96
9157,95
9158,99
9159,96
9160,99
9161,73
9162,96
9163,94
9164,95
9165,91
9166,89
9167,91
9168,94
9169,96
9170,81
9171,74
9172,100
9173,87
9174,99
9175,95
9176,95
9177,100
9178,95
9179,88
9180,99
9181,96
9182,99
9183,97
9184,93
9185,100
9186,96
9187,100
9188,89
9189,99
9190,97
9191,96
9192,94
9193,100
9194,94
9195,96
9196,83
9197,85
9198,100
9199,97
9200,100
9201,96
9202,98
9203,87
9204,100
9205,99
9206,96
9207,96
9208,99
9209,99
9210,98
9211,100
9212,95
9213,98
9214,90
9215,91
9216,95
9217,93
9218,85
9219,98
9220,92
9221,94
9222,96
9223,93
9224,91
9225,97
9226,100
9227,100
9228,99
9229,100
9230,96
9231,92
9232,89
9233,97
9234,99
9235,96
9236,96
9237,100
9238,98
9239,99
9240,87
9241,96
9242,80
9243,92
9244,100
9245,90
9246,95
9247,100
9248,88
9249,100
9250,93
9251,100
9252,97
9253,93
9254,94
9255,88
9256,93
9257,92
9258,85
9259,91
9260,100
9261,95
9262,96
9263,95
9264,99
9265,98
9266,99
9267,95
9268,97
9269,100
9270,100
9271,94
9272,91
9273,93
9274,89
9275,95
9276,94
9277,88
9278,99
9279,93
9280,94
9281,88
9282,96
9283,93
9284,100
9285,89
9286,92
9287,96
9288,84
9289,100
9290,97
9291,100
9292,97
9293,99
9294,97
9295,99
9296,98
9297,100
9298,95
9299,97
9300,96
9301,100
9302,100
9303,97
9304,98
9305,100
9306,86
9307,93
9308,94
9309,96
9310,90
9311,94
9312,99
9313,98
9314,99
9315,82
9316,88
9317,94
9318,100
9319,100
9320,96
9321,97
9322,100
9323,100
9324,100
9325,99
9326,100
9327,96
9328,91
9329,95
9330,99
9331,92
9332,97
9333,96
9334,98
9335,98
9336,98
9337,100
9338,83
9339,99
9340,100
9341,100
9342,84
9343,100
9344,96
9345,99
9346,97
9347,99
9348,95
9349,92
9350,98
9351,99
9352,100
9353,93
9354,100
9355,94
9356,86
9357,89
9358,90
9359,99
9360,98
9361,98
9362,99
9363,100
9364,98
9365,94
9366,96
9367,96
9368,100
9369,100
9370,97
9371,99
9372,92
9373,94
9374,94
9375,99
9376,99
9377,98
9378,99
9379,98
9380,98
9381,90
9382,97
9383,97
9384,99
9385,96
9386,100
9387,96
9388,99
9389,91
9390,98
9391,95
9392,98
9393,100
9394,88
9395,100
9396,99
9397,94
9398,94
9399,99
9400,99
9401,95
9402,96
9403,100
9404,97
9405,89
9406,97
9407,100
9408,89
9409,100
9410,91
9411,95
9412,99
9413,98
9414,84
9415,90
9416,99
9417,98
9418,95
9419,99
9420,97
9421,97
9422,99
9423,99
9424,100
9425,96
9426,98
9427,91
9428,95
9429,98
9430,94
9431,97
9432,94
9433,85
9434,96
9435,100
9436,87
9437,89
9438,98
9439,94
9440,98
9441,98
9442,77
9443,91
9444,98
9445,85
9446,88
9447,98
9448,92
9449,100
9450,98
9451,100
9452,96
9453,79
9454,77
9455,98
9456,95
9457,84
9458,94
9459,100
9460,100
9461,94
9462,93
9463,85
9464,82
9465,99
9466,94
9467,96
9468,99
9469,87
9470,94
9471,100
9472,99
9473,100
9474,100
9475,90
9476,96
9477,100
9478,97
9479,99
9480,93
9481,100
9482,100
9483,98
9484,95
9485,95
9486,100
9487,100
9488,84
9489,79
9490,100
9491,95
9492,99
9493,93
9494,100
9495,97
9496,92
9497,95
9498,99
9499,92
9500,97
9501,90
9502,99
9503,100
9504,100
9505,97
9506,98
9507,99
9508,100
9509,100
9510,96
9511,90
9512,84
9513,85
9514,99
9515,88
9516,91
9517,93
9518,94
9519,82
9520,96
9521,100
9522,91
9523,87
9524,98
9525,97
9526,97
9527,96
9528,97
9529,99
9530,98
9531,100
9532,97
9533,95
9534,90
9535,100
9536,90
9537,99
9538,98
9539,97
9540,93
9541,99
9542,99
9543,100
9544,100
9545,90
9546,98
9547,93
9548,96
9549,98
9550,94
9551,100
9552,97
9553,100
9554,98
9555,90
9556,86
9557,73
9558,98
9559,97
9560,92
9561,95
9562,100
9563,99
9564,96
9565,96
9566,93
9567,85
9568,100
9569,97
9570,100
9571,97
9572,93
9573,91
9574,87
9575,97
9576,96
9577,87
9578,99
9579,100
9580,88
9581,98
9582,98
9583,96
9584,97
9585,96
9586,98
9587,90
9588,96
9589,99
9590,94
9591,100
9592,95
9593,99
9594,97
9595,100
9596,100
9597,93
9598,100
9599,97
9600,90
9601,97
9602,100
9603,98
9604,97
9605,98
9606,92
9607,84
9608,96
9609,100
9610,95
9611,100
9612,75
9613,94
9614,92
9615,97
9616,95
9617,98
9618,99
9619,81
9620,97
9621,92
9622,98
9623,92
9624,96
9625,98
9626,90
9627,98
9628,97
9629,93
9630,100
9631,99
9632,88
9633,89
9634,99
9635,94
9636,94
9637,99
9638,100
9639,93
9640,93
9641,96
9642,100
9643,96
9644,99
9645,99
9646,85
9647,99
9648,99
9649,95
9650,100
9651,98
9652,95
9653,96
9654,96
9655,97
9656,81
9657,98
9658,95
9659,84
9660,98
9661,95
9662,96
9663,96
9664,97
9665,86
9666,89
9667,96
9668,100
9669,98
9670,93
9671,96
9672,96
9673,100
9674,95
9675,97
9676,98
9677,94
9678,94
9679,95
9680,97
9681,89
9682,99
9683,89
9684,87
9685,91
9686,87
9687,90
9688,98
9689,100
9690,69
9691,100
9692,96
9693,98
9694,92
9695,97
9696,100
9697,91
9698,100
9699,81
9700,96
9701,85
9702,79
9703,99
9704,95
9705,93
9706,98
9707,92
9708,93
9709,99
9710,99
9711,95
9712,93
9713,98
9714,99
9715,95
9716,100
9717,79
9718,98
9719,89
9720,96
9721,100
9722,100
9723,90
9724,87
9725,100
9726,92
9727,96
9728,90
9729,95
9730,94
9731,97
9732,99
9733,97
9734,97
9735,89
9736,100
9737,83
9738,98
9739,91
9740,87
9741,94
9742,98
9743,94
9744,95
9745,93
9746,97
9747,95
9748,100
9749,96
9750,93
9751,97
9752,93
9753,90
9754,98
9755,94
9756,76
9757,100
9758,98
9759,99
9760,100
9761,100
9762,94
9763,96
9764,98
9765,84
9766,94
9767,97
9768,95
9769,97
9770,97
9771,92
9772,100
9773,99
9774,93
9775,94
9776,98
9777,89
9778,96
9779,99
9780,94
9781,94
9782,96
9783,95
9784,94
9785,100
9786,91
9787,92
9788,99
9789,77
9790,95
9791,95
9792,74
9793,100
9794,98
9795,94
9796,98
9797,91
9798,87
9799,97
9800,100
9801,98
9802,94
9803,93
9804,99
9805,97
9806,99
9807,99
9808,90
9809,85
9810,94
9811,75
9812,95
9813,94
9814,100
9815,99
9816,91
9817,96
9818,86
9819,100
9820,100
9821,90
9822,89
9823,97
9824,98
9825,87
9826,98
9827,99
9828,99
9829,93
9830,97
9831,84
9832,98
9833,93
9834,92
9835,99
9836,99
9837,100
9838,85
9839,89
9840,100
9841,99
9842,99
9843,100
9844,100
9845,96
9846,85
9847,96
9848,93
9849,92
9850,99
9851,94
9852,98
9853,97
9854,97
9855,100
9856,100
9857,100
9858,99
9859,85
9860,97
9861,95
9862,97
9863,89
9864,94
9865,99
9866,91
9867,100
9868,98
9869,96
9870,96
9871,98
9872,100
9873,100
9874,96
9875,83
9876,99
9877,83
9878,100
9879,100
9880,100
9881,100
9882,97
9883,99
9884,98
9885,95
9886,80
9887,96
9888,99
9889,92
9890,97
9891,92
9892,85
9893,97
9894,94
9895,98
9896,95
9897,82
9898,100
9899,100
9900,99
9901,100
9902,93
9903,92
9904,97
9905,96
9906,97
9907,94
9908,100
9909,81
9910,100
9911,97
9912,98
9913,100
9914,73
9915,89
9916,93
9917,99
9918,99
9919,93
9920,89
9921,100
9922,86
9923,98
9924,96
9925,95
9926,100
9927,99
9928,100
9929,99
9930,97
9931,93
9932,97
9933,99
9934,100
9935,95
9936,100
9937,99
9938,98
9939,100
9940,96
9941,97
9942,95
9943,95
9944,72
9945,97
9946,88
9947,80
9948,96
9949,86
9950,98
9951,95
9952,97
9953,99
9954,86
9955,100
9956,95
9957,85
9958,100
9959,100
9960,74
9961,95
9962,99
9963,95
9964,99
9965,97
9966,100
9967,98
9968,99
9969,100
9970,89
9971,95
9972,94
9973,100
9974,92
9975,97
9976,94
9977,92
9978,98
9979,97
9980,99
9981,87
9982,87
9983,96
9984,99
9985,91
9986,91
9987,98
9988,100
9989,98
9990,99
9991,94
9992,88
9993,87
9994,99
9995,99
9996,94
9997,91
9998,95
9999,100
10000,86
